0.0

101
0.0000000000000000  100.0000000000000000
0.0100000000000000  110.0162581964040000
0.0200000000000000  119.1269246922020000
0.0300000000000000  127.4181779318280000
0.0400000000000000  134.9679953964360000
0.0500000000000000  141.8469340287370000
0.0600000000000000  148.1188363905970000
0.0700000000000000  153.8414696208590000
0.0800000000000000  159.0671035882780000
0.0900000000000000  163.8430340259400000
0.1000000000000000  168.2120558828560000
0.1100000000000000  172.2128916301920000
0.1200000000000000  175.8805788087800000
0.1300000000000000  179.2468206965990000
0.1400000000000000  182.3403036058390000
0.1500000000000000  185.1869839851570000
0.1600000000000000  187.8103482005340000
0.1700000000000000  190.2316475947270000
0.1800000000000000  192.4701111778410000
0.1900000000000000  194.5431380777370000
0.2000000000000000  196.4664716763390000
0.2100000000000000  198.2543571747020000
0.2200000000000000  199.9196841637670000
0.2300000000000000  201.4741156277200000
0.2400000000000000  202.9282046710590000
0.2500000000000000  204.2915001376100000
0.2600000000000000  205.5726421785670000
0.2700000000000000  206.7794487260250000
0.2800000000000000  207.9189937374780000
0.2900000000000000  208.9976779943590000
0.3000000000000000  210.0212931632140000
0.3100000000000000  210.9950797606440000
0.3200000000000000  211.9237796021630000
0.3300000000000000  212.8116832598760000
0.3400000000000000  213.6626730039670000
0.3500000000000000  214.4802616577680000
0.3600000000000000  215.2676277552710000
0.3700000000000000  216.0276473529660000
0.3800000000000000  216.7629228143830000
0.3900000000000000  217.4758088554200000
0.4000000000000000  218.1684361111270000
0.4100000000000000  218.8427324598240000
0.4200000000000000  219.5004423179520000
0.4300000000000000  220.1431440987800000
0.4400000000000000  220.7722660096930000
0.4500000000000000  221.3891003461760000
0.4600000000000000  221.9948164255370000
0.4700000000000000  222.5904722898300000
0.4800000000000000  223.1770252950980000
0.4900000000000000  223.7553416929080000
0.5000000000000000  224.3262053000910000
0.5100000000000000  224.8903253434480000
0.5200000000000000  225.4483435579240000
0.5300000000000000  226.0008406093090000
0.5400000000000000  226.5483419057390000
0.5500000000000000  227.0913228561540000
0.5600000000000000  227.6302136283520000
0.5700000000000000  228.1654034542530000
0.5800000000000000  228.6972445254620000
0.5900000000000000  229.2260555181230000
0.6000000000000000  229.7521247823330000
0.6100000000000000  230.2757132280510000
0.6200000000000000  230.7970569363700000
0.6300000000000000  231.3163695222970000
0.6400000000000000  231.8338442726830000
0.6500000000000000  232.3496560807020000
0.6600000000000000  232.8639631962450000
0.6700000000000000  233.3769088097330000
0.6800000000000000  233.8886224852160000
0.6900000000000000  234.3992214570950000
0.7000000000000000  234.9088118034450000
0.7100000000000000  235.4174895076730000
0.7200000000000000  235.9253414191620000
0.7300000000000000  236.4324461224810000
0.7400000000000000  236.9388747238870000
0.7500000000000000  237.4446915629850000
0.7600000000000000  237.9499548566560000
0.7700000000000000  238.4547172817110000
0.7800000000000000  238.9590265021020000
0.7900000000000000  239.4629256459540000
0.8000000000000000  239.9664537372100000
0.8100000000000000  240.4696460861920000
0.8200000000000010  240.9725346430030000
0.8300000000000010  241.4751483172890000
0.8400000000000010  241.9775132675820000
0.8500000000000010  242.4796531630990000
0.8600000000000010  242.9815894206330000
0.8700000000000010  243.4833414189010000
0.8800000000000010  243.9849266924900000
0.8900000000000010  244.4863611073520000
0.9000000000000010  244.9876590195910000
0.9100000000000010  245.4888334191510000
0.9200000000000010  245.9898960598160000
0.9300000000000010  246.4908575768520000
0.9400000000000010  246.9917275934440000
0.9500000000000010  247.4925148170110000
0.9600000000000010  247.9932271263510000
0.9700000000000010  248.4938716504950000
0.9800000000000010  248.9944548400570000
0.9900000000000010  249.4949825317940000
1.0000000000000000  249.9954600070240000
