0.0

101
0.00000000000000 200.00000000000000
0.01000000000000 221.91389441356900
0.02000000000000 235.82952913627300
0.03000000000000 246.22888266898300
0.04000000000000 254.61002310928500
0.05000000000000 261.66924614174300
0.06000000000000 267.79021360169200
0.07000000000000 273.20805135087900
0.08000000000000 278.07783406318200
0.09000000000000 282.50750892455100
0.10000000000000 286.57539417464600
0.11000000000000 290.34020729788500
0.12000000000000 293.84716057308300
0.13000000000000 297.13184593096500
0.14000000000000 300.22280931619100
0.15000000000000 303.14331330208000
0.16000000000000 305.91257794876300
0.17000000000000 308.54667553525500
0.18000000000000 311.05918931853400
0.19000000000000 313.46170753261600
0.20000000000000 315.76419990494500
0.21000000000000 317.97530882199700
0.22000000000000 320.10257744328200
0.23000000000000 322.15263053158300
0.24000000000000 324.13131933855200
0.25000000000000 326.04383882571100
0.26000000000000 327.89482335177500
0.27000000000000 329.68842542416500
0.28000000000000 331.42838100334600
0.29000000000000 333.11806403569200
0.30000000000000 334.76053228761500
0.31000000000000 336.35856610148600
0.32000000000000 337.91470135124300
0.33000000000000 339.43125761352300
0.34000000000000 340.91036236783600
0.35000000000000 342.35397188194100
0.36000000000000 343.76388931505500
0.37000000000000 345.14178047401700
0.38000000000000 346.48918757990500
0.39000000000000 347.80754134045000
0.40000000000000 349.09817157353200
0.41000000000000 350.36231658645600
0.42000000000000 351.60113148263300
0.43000000000000 352.81569554023300
0.44000000000000 354.00701878503300
0.45000000000000 355.17604786129900
0.46000000000000 356.32367128916100
0.47000000000000 357.45072418419600
0.48000000000000 358.55799250419900
0.49000000000000 359.64621687913200
0.50000000000000 360.71609607260100
0.51000000000000 361.76829011681800
0.52000000000000 362.80342315745500
0.53000000000000 363.82208604020800
0.54000000000000 364.82483866679500
0.55000000000000 365.81221214477000
0.56000000000000 366.78471075250400
0.57000000000000 367.74281373818300
0.58000000000000 368.68697696944400
0.59000000000000 369.61763444834500
0.60000000000000 370.53519970472400
0.61000000000000 371.44006707952000
0.62000000000000 372.33261290837700
0.63000000000000 373.21319661472300
0.64000000000000 374.08216172055200
0.65000000000000 374.93983678226300
0.66000000000000 375.78653625816300
0.67000000000000 376.62256131356100
0.68000000000000 377.44820056878400
0.69000000000000 378.26373079493700
0.70000000000000 379.06941756174200
0.71000000000000 379.86551584137500
0.72000000000000 380.65227057186900
0.73000000000000 381.42991718329500
0.74000000000000 382.19868208964900
0.75000000000000 382.95878314911200
0.76000000000000 383.71043009508800
0.77000000000000 384.45382494025200
0.78000000000000 385.18916235559700
0.79000000000000 385.91663002633800
0.80000000000000 386.63640898635300
0.81000000000000 387.34867393269400
0.82000000000000 388.05359352160300
0.83000000000000 388.75133064730100
0.84000000000000 389.44204270477700
0.85000000000000 390.12588183764300
0.86000000000000 390.80299517208200
0.87000000000000 391.47352503782600
0.88000000000000 392.13760917699300
0.89000000000000 392.79538094162100
0.90000000000000 393.44696948058300
0.91000000000000 394.09249991660500
0.92000000000000 394.73209351398200
0.93000000000000 395.36586783759100
0.94000000000000 395.99393690373600
0.95000000000000 396.61641132332700
0.96000000000000 397.23339843785300
0.97000000000000 397.84500244859100
0.98000000000000 398.45132453944100
0.99000000000000 399.05246299377600
1.00000000000000 399.64851330564400
