0.0

101
0.000000000000000  0.000000000000000
0.010000000000000  42.564668990758400
0.020000000000000  78.701412745118700
0.030000000000000  109.411344694813000
0.040000000000000  135.539660449519000
0.050000000000000  157.799921126262000
0.060000000000000  176.794554685982000
0.070000000000000  193.032164301498000
0.080000000000000  206.942141043901000
0.090000000000000  218.887000724705000
0.100000000000000  229.172799343775000
0.110000000000000  238.057926389458000
0.120000000000000  245.760528631357000
0.130000000000000  252.464777698869000
0.140000000000000  258.326161519392000
0.150000000000000  263.475951644614000
0.160000000000000  268.024974815683000
0.170000000000000  272.066797128194000
0.180000000000000  275.680412281266000
0.190000000000000  278.932511146856000
0.200000000000000  281.879397866326000
0.210000000000000  284.568607525693000
0.220000000000000  287.040271886982000
0.230000000000000  289.328272414573000
0.240000000000000  291.461213724118000
0.250000000000000  293.463245422246000
0.260000000000000  295.354755949320000
0.270000000000000  297.152958360059000
0.280000000000000  298.872384872111000
0.290000000000000  300.525304391439000
0.300000000000000  302.122075010473000
0.310000000000000  303.671441606633000
0.320000000000000  305.180787091554000
0.330000000000000  306.656344529644000
0.340000000000000  308.103376220367000
0.350000000000000  309.526324889452000
0.360000000000000  310.928941332926000
0.370000000000000  312.314392181297000
0.380000000000000  313.685350880069000
0.390000000000000  315.044074500549000
0.400000000000000  316.392468587803000
0.410000000000000  317.732141908903000
0.420000000000000  319.064452674438000
0.430000000000000  320.390547561291000
0.440000000000000  321.711394657827000
0.450000000000000  323.027811278061000
0.460000000000000  324.340487443916000
0.470000000000000  325.650005710256000
0.480000000000000  326.956857902283000
0.490000000000000  328.261459246171000
0.500000000000000  329.564160298938000
0.510000000000000  330.865257020306000
0.520000000000000  332.164999275925000
0.530000000000000  333.463598016265000
0.540000000000000  334.761231337440000
0.550000000000000  336.058049598089000
0.560000000000000  337.354179739335000
0.570000000000000  338.649728931928000
0.580000000000000  339.944787655375000
0.590000000000000  341.239432297504000
0.600000000000000  342.533727349166000
0.610000000000000  343.827727257122000
0.620000000000000  345.121477988356000
0.630000000000000  346.415018350749000
0.640000000000000  347.708381108072000
0.650000000000000  349.001593921323000
0.660000000000000  350.294680143453000
0.670000000000000  351.587659490321000
0.680000000000000  352.880548607152000
0.690000000000000  354.173361546770000
0.700000000000000  355.466110173351000
0.710000000000000  356.758804503290000
0.720000000000000  358.051452992986000
0.730000000000000  359.344062781800000
0.740000000000000  360.636639897179000
0.750000000000000  361.929189427828000
0.760000000000000  363.221715669913000
0.770000000000000  364.514222250500000
0.780000000000000  365.806712231756000
0.790000000000000  367.099188198934000
0.800000000000000  368.391652334648000
0.810000000000000  369.684106481584000
0.820000000000001  370.976552195437000
0.830000000000001  372.268990789613000
0.840000000000001  373.561423372961000
0.850000000000001  374.853850881635000
0.860000000000001  376.146274105987000
0.870000000000001  377.438693713276000
0.880000000000001  378.731110266839000
0.890000000000001  380.023524242278000
0.900000000000001  381.315936041120000
0.910000000000001  382.608346002358000
0.920000000000001  383.900754412189000
0.930000000000001  385.193161512236000
0.940000000000001  386.485567506490000
0.950000000000001  387.777972567172000
0.960000000000001  389.070376839682000
0.970000000000001  390.362780446772000
0.980000000000001  391.655183492078000
0.990000000000001  392.947586063095000
1.000000000000000  394.239988233690000
