0.0

41
0.000000000000000 0.000000000000000
0.010000000000000 42.564668990758400
0.020000000000000 78.701412745118700
0.030000000000000 109.411344694813000
0.040000000000000 135.539660449519000
0.050000000000000 157.799921126262000
0.060000000000000 176.794554685982000
0.070000000000000 193.032164301498000
0.080000000000000 206.942141043901000
0.090000000000000 218.887000724705000
0.100000000000000 229.172799343775000
0.110000000000000 238.057926389458000
0.120000000000000 245.760528631357000
0.130000000000000 252.464777698869000
0.140000000000000 258.326161519392000
0.150000000000000 263.475951644614000
0.160000000000000 268.024974815683000
0.170000000000000 272.066797128194000
0.180000000000000 275.680412281266000
0.190000000000000 278.932511146856000
0.200000000000000 281.879397866326000
0.210000000000000 284.568607525693000
0.220000000000000 287.040271886982000
0.230000000000000 289.328272414573000
0.240000000000000 291.461213724118000
0.250000000000000 293.463245422246000
0.260000000000000 295.354755949320000
0.270000000000000 297.152958360059000
0.280000000000000 298.872384872111000
0.290000000000000 300.525304391439000
0.300000000000000 302.122075010473000
0.310000000000000 303.671441606633000
0.320000000000000 305.180787091554000
0.330000000000000 306.656344529644000
0.340000000000000 308.103376220367000
0.350000000000000 309.526324889452000
0.360000000000000 310.928941332926000
0.370000000000000 312.314392181297000
0.380000000000000 313.685350880069000
0.390000000000000 315.044074500549000
0.400000000000000 316.392468587803000