0.0

1001
0.000000000  200.00000000000000
0.010000000  221.91389441356900
0.020000000  235.82952913627300
0.030000000  246.22888266898300
0.040000000  254.61002310928500
0.050000000  261.66924614174300
0.060000000  267.79021360169200
0.070000000  273.20805135087900
0.080000000  278.07783406318200
0.090000000  282.50750892455100
0.100000000  286.57539417464600
0.110000000  290.34020729788500
0.120000000  293.84716057308300
0.130000000  297.13184593096500
0.140000000  300.22280931619100
0.150000000  303.14331330208000
0.160000000  305.91257794876300
0.170000000  308.54667553525500
0.180000000  311.05918931853400
0.190000000  313.46170753261600
0.200000000  315.76419990494500
0.210000000  317.97530882199700
0.220000000  320.10257744328200
0.230000000  322.15263053158300
0.240000000  324.13131933855200
0.250000000  326.04383882571100
0.260000000  327.89482335177500
0.270000000  329.68842542416500
0.280000000  331.42838100334600
0.290000000  333.11806403569200
0.300000000  334.76053228761500
0.310000000  336.35856610148600
0.320000000  337.91470135124300
0.330000000  339.43125761352300
0.340000000  340.91036236783600
0.350000000  342.35397188194100
0.360000000  343.76388931505500
0.370000000  345.14178047401800
0.380000000  346.48918757990500
0.390000000  347.80754134045000
0.400000000  349.09817157353200
0.410000000  350.36231658645600
0.420000000  351.60113148263300
0.430000000  352.81569554023300
0.440000000  354.00701878503300
0.450000000  355.17604786129900
0.460000000  356.32367128916100
0.470000000  357.45072418419600
0.480000000  358.55799250419900
0.490000000  359.64621687913200
0.500000000  360.71609607260100
0.510000000  361.76829011681800
0.520000000  362.80342315745500
0.530000000  363.82208604020800
0.540000000  364.82483866679500
0.550000000  365.81221214477000
0.560000000  366.78471075250400
0.570000000  367.74281373818300
0.580000000  368.68697696944400
0.590000000  369.61763444834500
0.600000000  370.53519970472400
0.610000000  371.44006707952000
0.620000000  372.33261290837700
0.630000000  373.21319661472300
0.640000000  374.08216172055200
0.650000000  374.93983678226300
0.660000000  375.78653625816300
0.670000000  376.62256131356100
0.680000000  377.44820056878400
0.690000000  378.26373079493700
0.700000000  379.06941756174200
0.710000000  379.86551584137500
0.720000000  380.65227057186900
0.730000000  381.42991718329500
0.740000000  382.19868208964900
0.750000000  382.95878314911200
0.760000000  383.71043009508800
0.770000000  384.45382494025200
0.780000000  385.18916235559700
0.790000000  385.91663002633800
0.800000000  386.63640898635300
0.810000000  387.34867393269400
0.820000000  388.05359352160300
0.830000000  388.75133064730100
0.840000000  389.44204270477700
0.850000000  390.12588183764300
0.860000000  390.80299517208300
0.870000000  391.47352503782600
0.880000000  392.13760917699300
0.890000000  392.79538094162100
0.900000000  393.44696948058300
0.910000000  394.09249991660500
0.920000000  394.73209351398200
0.930000000  395.36586783759100
0.940000000  395.99393690373600
0.950000000  396.61641132332700
0.960000000  397.23339843785400
0.970000000  397.84500244859100
0.980000000  398.45132453944100
0.990000000  399.05246299377600
1.000000000  399.64851330564400
1.010000000  400.23956828565100
1.020000000  400.82571816183500
1.030000000  401.40705067580400
1.040000000  401.98365117441500
1.050000000  402.55560269722500
1.060000000  403.12298605996800
1.070000000  403.68587993425600
1.080000000  404.24436092371500
1.090000000  404.79850363675300
1.100000000  405.34838075611700
1.110000000  405.89406310544300
1.120000000  406.43561971291400
1.130000000  406.97311787221300
1.140000000  407.50662320087800
1.150000000  408.03619969622000
1.160000000  408.56190978889500
1.170000000  409.08381439427600
1.180000000  409.60197296171800
1.190000000  410.11644352181600
1.200000000  410.62728273176900
1.210000000  411.13454591892400
1.220000000  411.63828712260000
1.230000000  412.13855913426800
1.240000000  412.63541353615900
1.250000000  413.12890073838900
1.260000000  413.61907001465100
1.270000000  414.10596953655100
1.280000000  414.58964640665200
1.290000000  415.07014669027100
1.300000000  415.54751544610100
1.310000000  416.02179675569900
1.320000000  416.49303375189700
1.330000000  416.96126864617400
1.340000000  417.42654275505100
1.350000000  417.88889652552700
1.360000000  418.34836955962600
1.370000000  418.80500063806300
1.380000000  419.25882774309200
1.390000000  419.70988808055200
1.400000000  420.15821810115600
1.410000000  420.60385352104800
1.420000000  421.04682934165900
1.430000000  421.48717986889400
1.440000000  421.92493873167400
1.450000000  422.36013889985500
1.460000000  422.79281270156400
1.470000000  423.22299183995000
1.480000000  423.65070740940400
1.490000000  424.07598991123800
1.500000000  424.49886926886800
1.510000000  424.91937484250400
1.520000000  425.33753544338200
1.530000000  425.75337934753200
1.540000000  426.16693430913100
1.550000000  426.57822757341900
1.560000000  426.98728588923600
1.570000000  427.39413552115500
1.580000000  427.79880226125400
1.590000000  428.20131144052600
1.600000000  428.60168793994400
1.610000000  428.99995620119500
1.620000000  429.39614023709200
1.630000000  429.79026364167900
1.640000000  430.18234960003600
1.650000000  430.57242089779500
1.660000000  430.96049993038400
1.670000000  431.34660871199800
1.680000000  431.73076888431600
1.690000000  432.11300172496300
1.700000000  432.49332815573600
1.710000000  432.87176875059600
1.720000000  433.24834374343300
1.730000000  433.62307303562000
1.740000000  433.99597620334600
1.750000000  434.36707250475800
1.760000000  434.73638088690000
1.770000000  435.10391999246300
1.780000000  435.46970816635400
1.790000000  435.83376346208200
1.800000000  436.19610364798300
1.810000000  436.55674621326400
1.820000000  436.91570837390000
1.830000000  437.27300707836500
1.840000000  437.62865901321900
1.850000000  437.98268060854500
1.860000000  438.33508804324500
1.870000000  438.68589725020100
1.880000000  439.03512392130400
1.890000000  439.38278351234600
1.900000000  439.72889124780000
1.910000000  440.07346212546800
1.920000000  440.41651092101700
1.930000000  440.75805219240500
1.940000000  441.09810028418500
1.950000000  441.43666933171400
1.960000000  441.77377326525100
1.970000000  442.10942581396100
1.980000000  442.44364050981000
1.990000000  442.77643069137700
2.000000000  443.10780950756900
2.010000000  443.43778992124200
2.020000000  443.76638471274500
2.030000000  444.09360648337200
2.040000000  444.41946765873000
2.050000000  444.74398049204200
2.060000000  445.06715706734900
2.070000000  445.38900930266300
2.080000000  445.70954895302300
2.090000000  446.02878761350000
2.100000000  446.34673672211700
2.110000000  446.66340756271300
2.120000000  446.97881126773500
2.130000000  447.29295882097200
2.140000000  447.60586106022000
2.150000000  447.91752867989500
2.160000000  448.22797223358300
2.170000000  448.53720213653000
2.180000000  448.84522866808600
2.190000000  449.15206197408500
2.200000000  449.45771206918000
2.210000000  449.76218883912100
2.220000000  450.06550204298900
2.230000000  450.36766131537900
2.240000000  450.66867616853100
2.250000000  450.96855599442600
2.260000000  451.26731006682500
2.270000000  451.56494754327600
2.280000000  451.86147746706700
2.290000000  452.15690876914900
2.300000000  452.45125027000700
2.310000000  452.74451068150400
2.320000000  453.03669860867600
2.330000000  453.32782255149400
2.340000000  453.61789090659300
2.350000000  453.90691196895700
2.360000000  454.19489393357900
2.370000000  454.48184489708100
2.380000000  454.76777285929800
2.390000000  455.05268572484300
2.400000000  455.33659130462400
2.410000000  455.61949731734200
2.420000000  455.90141139095500
2.430000000  456.18234106411300
2.440000000  456.46229378756500
2.450000000  456.74127692553500
2.460000000  457.01929775708100
2.470000000  457.29636347741200
2.480000000  457.57248119919100
2.490000000  457.84765795381300
2.500000000  458.12190069264600
2.510000000  458.39521628826300
2.520000000  458.66761153564400
2.530000000  458.93909315334900
2.540000000  459.20966778468000
2.550000000  459.47934199881400
2.560000000  459.74812229191400
2.570000000  460.01601508822300
2.580000000  460.28302674113500
2.590000000  460.54916353424600
2.600000000  460.81443168238700
2.610000000  461.07883733263400
2.620000000  461.34238656530600
2.630000000  461.60508539493700
2.640000000  461.86693977123600
2.650000000  462.12795558002700
2.660000000  462.38813864417100
2.670000000  462.64749472447400
2.680000000  462.90602952057700
2.690000000  463.16374867182700
2.700000000  463.42065775814100
2.710000000  463.67676230084300
2.720000000  463.93206776349800
2.730000000  464.18657955271800
2.740000000  464.44030301896800
2.750000000  464.69324345734900
2.760000000  464.94540610836500
2.770000000  465.19679615868600
2.780000000  465.44741874188900
2.790000000  465.69727893919200
2.800000000  465.94638178017000
2.810000000  466.19473224346500
2.820000000  466.44233525747800
2.830000000  466.68919570105000
2.840000000  466.93531840413600
2.850000000  467.18070814846400
2.860000000  467.42536966818100
2.870000000  467.66930765049300
2.880000000  467.91252673629000
2.890000000  468.15503152076100
2.900000000  468.39682655400300
2.910000000  468.63791634161400
2.920000000  468.87830534528100
2.930000000  469.11799798335300
2.940000000  469.35699863141200
2.950000000  469.59531162282700
2.960000000  469.83294124930300
2.970000000  470.06989176142100
2.980000000  470.30616736916900
2.990000000  470.54177224246100
3.000000000  470.77671051165500
3.010000000  471.01098626805400
3.020000000  471.24460356440700
3.030000000  471.47756641539600
3.040000000  471.70987879811500
3.050000000  471.94154465255100
3.060000000  472.17256788204200
3.070000000  472.40295235374200
3.080000000  472.63270189907000
3.090000000  472.86182031415300
3.100000000  473.09031136027000
3.110000000  473.31817876427500
3.120000000  473.54542621902600
3.130000000  473.77205738380100
3.140000000  473.99807588471000
3.150000000  474.22348531510000
3.160000000  474.44828923595200
3.170000000  474.67249117627600
3.180000000  474.89609463349300
3.190000000  475.11910307382300
3.200000000  475.34151993265300
3.210000000  475.56334861491000
3.220000000  475.78459249542500
3.230000000  476.00525491928800
3.240000000  476.22533920220400
3.250000000  476.44484863084000
3.260000000  476.66378646316700
3.270000000  476.88215592879700
3.280000000  477.09996022931800
3.290000000  477.31720253861600
3.300000000  477.53388600320500
3.310000000  477.75001374253900
3.320000000  477.96558884932900
3.330000000  478.18061438985000
3.340000000  478.39509340424500
3.350000000  478.60902890682600
3.360000000  478.82242388637200
3.370000000  479.03528130641500
3.380000000  479.24760410552900
3.390000000  479.45939519761800
3.400000000  479.67065747218700
3.410000000  479.88139379462400
3.420000000  480.09160700646700
3.430000000  480.30129992567200
3.440000000  480.51047534687900
3.450000000  480.71913604166900
3.460000000  480.92728475882200
3.470000000  481.13492422456900
3.480000000  481.34205714284100
3.490000000  481.54868619551500
3.500000000  481.75481404265700
3.510000000  481.96044332276000
3.520000000  482.16557665297800
3.530000000  482.37021662936300
3.540000000  482.57436582709100
3.550000000  482.77802680068700
3.560000000  482.98120208425200
3.570000000  483.18389419167900
3.580000000  483.38610561687300
3.590000000  483.58783883396400
3.600000000  483.78909629751700
3.610000000  483.98988044274300
3.620000000  484.19019368570100
3.630000000  484.39003842350700
3.640000000  484.58941703452600
3.650000000  484.78833187857600
3.660000000  484.98678529712000
3.670000000  485.18477961346000
3.680000000  485.38231713292400
3.690000000  485.57940014305600
3.700000000  485.77603091380000
3.710000000  485.97221169768200
3.720000000  486.16794472999000
3.730000000  486.36323222895500
3.740000000  486.55807639591800
3.750000000  486.75247941551400
3.760000000  486.94644345583500
3.770000000  487.13997066860200
3.780000000  487.33306318932900
3.790000000  487.52572313749400
3.800000000  487.71795261669100
3.810000000  487.90975371480000
3.820000000  488.10112850413900
3.830000000  488.29207904162300
3.840000000  488.48260736891900
3.850000000  488.67271551259500
3.860000000  488.86240548427300
3.870000000  489.05167928077800
3.880000000  489.24053888428200
3.890000000  489.42898626245200
3.900000000  489.61702336859000
3.910000000  489.80465214177700
3.920000000  489.99187450701000
3.930000000  490.17869237534400
3.940000000  490.36510764402200
3.950000000  490.55112219661400
3.960000000  490.73673790314900
3.970000000  490.92195662024400
3.980000000  491.10678019123800
3.990000000  491.29121044631500
4.000000000  491.47524920263400
4.010000000  491.65889826445100
4.020000000  491.84215942324700
4.030000000  492.02503445784400
4.040000000  492.20752513453000
4.050000000  492.38963320717600
4.060000000  492.57136041735600
4.070000000  492.75270849445900
4.080000000  492.93367915580700
4.090000000  493.11427410676900
4.100000000  493.29449504087100
4.110000000  493.47434363990600
4.120000000  493.65382157404700
4.130000000  493.83293050195500
4.140000000  494.01167207088000
4.150000000  494.19004791677500
4.160000000  494.36805966439600
4.170000000  494.54570892740300
4.180000000  494.72299730846800
4.190000000  494.89992639937200
4.200000000  495.07649778110400
4.210000000  495.25271302396400
4.220000000  495.42857368765500
4.230000000  495.60408132138300
4.240000000  495.77923746395100
4.250000000  495.95404364385300
4.260000000  496.12850137936700
4.270000000  496.30261217864900
4.280000000  496.47637753982000
4.290000000  496.64979895106000
4.300000000  496.82287789069500
4.310000000  496.99561582728400
4.320000000  497.16801421970900
4.330000000  497.34007451725600
4.340000000  497.51179815970700
4.350000000  497.68318657741700
4.360000000  497.85424119140200
4.370000000  498.02496341341900
4.380000000  498.19535464604600
4.390000000  498.36541628276900
4.400000000  498.53514970805100
4.410000000  498.70455629742000
4.420000000  498.87363741754300
4.430000000  499.04239442630100
4.440000000  499.21082867286900
4.450000000  499.37894149778800
4.460000000  499.54673423304400
4.470000000  499.71420820213400
4.480000000  499.88136472014700
4.490000000  500.04820509383100
4.500000000  500.21473062166500
4.510000000  500.38094259393200
4.520000000  500.54684229278700
4.530000000  500.71243099232300
4.540000000  500.87770995864500
4.550000000  501.04268044993600
4.560000000  501.20734371651900
4.570000000  501.37170100093000
4.580000000  501.53575353797700
4.590000000  501.69950255481300
4.600000000  501.86294927098900
4.610000000  502.02609489852800
4.620000000  502.18894064198100
4.630000000  502.35148769849100
4.640000000  502.51373725785600
4.650000000  502.67569050258700
4.660000000  502.83734860797100
4.670000000  502.99871274212600
4.680000000  503.15978406606700
4.690000000  503.32056373375700
4.700000000  503.48105289216800
4.710000000  503.64125268134100
4.720000000  503.80116423443500
4.730000000  503.96078867779200
4.740000000  504.12012713098400
4.750000000  504.27918070687300
4.760000000  504.43795051166500
4.770000000  504.59643764496100
4.780000000  504.75464319981100
4.790000000  504.91256826276900
4.800000000  505.07021391394200
4.810000000  505.22758122704300
4.820000000  505.38467126944300
4.830000000  505.54148510222000
4.840000000  505.69802378020700
4.850000000  505.85428835204700
4.860000000  506.01027986023800
4.870000000  506.16599934118100
4.880000000  506.32144782523200
4.890000000  506.47662633674500
4.900000000  506.63153589412200
4.910000000  506.78617750985900
4.920000000  506.94055219059100
4.930000000  507.09466093714100
4.940000000  507.24850474456000
4.950000000  507.40208460217600
4.960000000  507.55540149363900
4.970000000  507.70845639696000
4.980000000  507.86125028456000
4.990000000  508.01378412331000
5.000000000  508.16605887457500
5.010000000  508.31807549425600
5.020000000  508.46983493282900
5.030000000  508.62133813539300
5.040000000  508.77258604170500
5.050000000  508.92357958622300
5.060000000  509.07431969814600
5.070000000  509.22480730145600
5.080000000  509.37504331495300
5.090000000  509.52502865229700
5.100000000  509.67476422204900
5.110000000  509.82425092770400
5.120000000  509.97348966773300
5.130000000  510.12248133562100
5.140000000  510.27122681990100
5.150000000  510.41972700419300
5.160000000  510.56798276724100
5.170000000  510.71599498295000
5.180000000  510.86376452042000
5.190000000  511.01129224398100
5.200000000  511.15857901323100
5.210000000  511.30562568307000
5.220000000  511.45243310373300
5.230000000  511.59900212082600
5.240000000  511.74533357536100
5.250000000  511.89142830378600
5.260000000  512.03728713802100
5.270000000  512.18291090549200
5.280000000  512.32830042916200
5.290000000  512.47345652756100
5.300000000  512.61838001482500
5.310000000  512.76307170072300
5.320000000  512.90753239068600
5.330000000  513.05176288584600
5.340000000  513.19576398306000
5.350000000  513.33953647494500
5.360000000  513.48308114990600
5.370000000  513.62639879216800
5.380000000  513.76949018180300
5.390000000  513.91235609476300
5.400000000  514.05499730290700
5.410000000  514.19741457403300
5.420000000  514.33960867190300
5.430000000  514.48158035627400
5.440000000  514.62333038292500
5.450000000  514.76485950368700
5.460000000  514.90616846646900
5.470000000  515.04725801528700
5.480000000  515.18812889028900
5.490000000  515.32878182778600
5.500000000  515.46921756027400
5.510000000  515.60943681646500
5.520000000  515.74944032131000
5.530000000  515.88922879602800
5.540000000  516.02880295813000
5.550000000  516.16816352144500
5.560000000  516.30731119614700
5.570000000  516.44624668877800
5.580000000  516.58497070227400
5.590000000  516.72348393599000
5.600000000  516.86178708572500
5.610000000  516.99988084374600
5.620000000  517.13776589881000
5.630000000  517.27544293619200
5.640000000  517.41291263770700
5.650000000  517.55017568173200
5.660000000  517.68723274323200
5.670000000  517.82408449378000
5.680000000  517.96073160158500
5.690000000  518.09717473150800
5.700000000  518.23341454509000
5.710000000  518.36945170057300
5.720000000  518.50528685292000
5.730000000  518.64092065384100
5.740000000  518.77635375181000
5.750000000  518.91158679209200
5.760000000  519.04662041675900
5.770000000  519.18145526471600
5.780000000  519.31609197171800
5.790000000  519.45053117039500
5.800000000  519.58477349027000
5.810000000  519.71881955777800
5.820000000  519.85266999629200
5.830000000  519.98632542613900
5.840000000  520.11978646461900
5.850000000  520.25305372602800
5.860000000  520.38612782167800
5.870000000  520.51900935991300
5.880000000  520.65169894613100
5.890000000  520.78419718280400
5.900000000  520.91650466949400
5.910000000  521.04862200287500
5.920000000  521.18054977675000
5.930000000  521.31228858207200
5.940000000  521.44383900695700
5.950000000  521.57520163670900
5.960000000  521.70637705383400
5.970000000  521.83736583806000
5.980000000  521.96816856635200
5.990000000  522.09878581293500
6.000000000  522.22921814930500
6.010000000  522.35946614425300
6.020000000  522.48953036387600
6.030000000  522.61941137159900
6.040000000  522.74910972819100
6.050000000  522.87862599178000
6.060000000  523.00796071787000
6.070000000  523.13711445936200
6.080000000  523.26608776656400
6.090000000  523.39488118721100
6.100000000  523.52349526648200
6.110000000  523.65193054701400
6.120000000  523.78018756891700
6.130000000  523.90826686979600
6.140000000  524.03616898475700
6.150000000  524.16389444643200
6.160000000  524.29144378498900
6.170000000  524.41881752814900
6.180000000  524.54601620120000
6.190000000  524.67304032701500
6.200000000  524.79989042606300
6.210000000  524.92656701642700
6.220000000  525.05307061381800
6.230000000  525.17940173159000
6.240000000  525.30556088075200
6.250000000  525.43154856998700
6.260000000  525.55736530566000
6.270000000  525.68301159184000
6.280000000  525.80848793030800
6.290000000  525.93379482057200
6.300000000  526.05893275988300
6.310000000  526.18390224324900
6.320000000  526.30870376344400
6.330000000  526.43333781102700
6.340000000  526.55780487435400
6.350000000  526.68210543958800
6.360000000  526.80623999071800
6.370000000  526.93020900956500
6.380000000  527.05401297580400
6.390000000  527.17765236696900
6.400000000  527.30112765846800
6.410000000  527.42443932360000
6.420000000  527.54758783356100
6.430000000  527.67057365746200
6.440000000  527.79339726233800
6.450000000  527.91605911316300
6.460000000  528.03855967285900
6.470000000  528.16089940231300
6.480000000  528.28307876038500
6.490000000  528.40509820391900
6.500000000  528.52695818776100
6.510000000  528.64865916476500
6.520000000  528.77020158580600
6.530000000  528.89158589979600
6.540000000  529.01281255368700
6.550000000  529.13388199249100
6.560000000  529.25479465928700
6.570000000  529.37555099523300
6.580000000  529.49615143957900
6.590000000  529.61659642967300
6.600000000  529.73688640097800
6.610000000  529.85702178708200
6.620000000  529.97700301970600
6.630000000  530.09683052871400
6.640000000  530.21650474213200
6.650000000  530.33602608614600
6.660000000  530.45539498512500
6.670000000  530.57461186162300
6.680000000  530.69367713639200
6.690000000  530.81259122839400
6.700000000  530.93135455481100
6.710000000  531.04996753105100
6.720000000  531.16843057076300
6.730000000  531.28674408584700
6.740000000  531.40490848646000
6.750000000  531.52292418103000
6.760000000  531.64079157626100
6.770000000  531.75851107715100
6.780000000  531.87608308699300
6.790000000  531.99350800738900
6.800000000  532.11078623825900
6.810000000  532.22791817785100
6.820000000  532.34490422274800
6.830000000  532.46174476788200
6.840000000  532.57844020653900
6.850000000  532.69499093036800
6.860000000  532.81139732939500
6.870000000  532.92765979202700
6.880000000  533.04377870506400
6.890000000  533.15975445370500
6.900000000  533.27558742156200
6.910000000  533.39127799066500
6.920000000  533.50682654146900
6.930000000  533.62223345286800
6.940000000  533.73749910220000
6.950000000  533.85262386525700
6.960000000  533.96760811629300
6.970000000  534.08245222803200
6.980000000  534.19715657167800
6.990000000  534.31172151692200
7.000000000  534.42614743195000
7.010000000  534.54043468345300
7.020000000  534.65458363663500
7.030000000  534.76859465521800
7.040000000  534.88246810145500
7.050000000  534.99620433613200
7.060000000  535.10980371858400
7.070000000  535.22326660669400
7.080000000  535.33659335690800
7.090000000  535.44978432424000
7.100000000  535.56283986227700
7.110000000  535.67576032319300
7.120000000  535.78854605775200
7.130000000  535.90119741531600
7.140000000  536.01371474385300
7.150000000  536.12609838994600
7.160000000  536.23834869879900
7.170000000  536.35046601424500
7.180000000  536.46245067875100
7.190000000  536.57430303343100
7.200000000  536.68602341804500
7.210000000  536.79761217101500
7.220000000  536.90906962942500
7.230000000  537.02039612903300
7.240000000  537.13159200427400
7.250000000  537.24265758827100
7.260000000  537.35359321283900
7.270000000  537.46439920849300
7.280000000  537.57507590445600
7.290000000  537.68562362866300
7.300000000  537.79604270777100
7.310000000  537.90633346716200
7.320000000  538.01649623095500
7.330000000  538.12653132200600
7.340000000  538.23643906192200
7.350000000  538.34621977106000
7.360000000  538.45587376853900
7.370000000  538.56540137224500
7.380000000  538.67480289883600
7.390000000  538.78407866375100
7.400000000  538.89322898121200
7.410000000  539.00225416423700
7.420000000  539.11115452464000
7.430000000  539.21993037303900
7.440000000  539.32858201886500
7.450000000  539.43710977036400
7.460000000  539.54551393460700
7.470000000  539.65379481749100
7.480000000  539.76195272375200
7.490000000  539.86998795696500
7.500000000  539.97790081955100
7.510000000  540.08569161278600
7.520000000  540.19336063680500
7.530000000  540.30090819060500
7.540000000  540.40833457205700
7.550000000  540.51564007790500
7.560000000  540.62282500377800
7.570000000  540.72988964419000
7.580000000  540.83683429254900
7.590000000  540.94365924116300
7.600000000  541.05036478124300
7.610000000  541.15695120291100
7.620000000  541.26341879520500
7.630000000  541.36976784608200
7.640000000  541.47599864242700
7.650000000  541.58211147005600
7.660000000  541.68810661372300
7.670000000  541.79398435712400
7.680000000  541.89974498290200
7.690000000  542.00538877265500
7.700000000  542.11091600693800
7.710000000  542.21632696526900
7.720000000  542.32162192613700
7.730000000  542.42680116700100
7.740000000  542.53186496430200
7.750000000  542.63681359346500
7.760000000  542.74164732890200
7.770000000  542.84636644402000
7.780000000  542.95097121122500
7.790000000  543.05546190192800
7.800000000  543.15983878654700
7.810000000  543.26410213451500
7.820000000  543.36825221428300
7.830000000  543.47228929332500
7.840000000  543.57621363814400
7.850000000  543.68002551427700
7.860000000  543.78372518629600
7.870000000  543.88731291781700
7.880000000  543.99078897150300
7.890000000  544.09415360906900
7.900000000  544.19740709128600
7.910000000  544.30054967798500
7.920000000  544.40358162806500
7.930000000  544.50650319949300
7.940000000  544.60931464931000
7.950000000  544.71201623363800
7.960000000  544.81460820768100
7.970000000  544.91709082573100
7.980000000  545.01946434117400
7.990000000  545.12172900649000
8.000000000  545.22388507326300
8.010000000  545.32593279217900
8.020000000  545.42787241303600
8.030000000  545.52970418474500
8.040000000  545.63142835533600
8.050000000  545.73304517196000
8.060000000  545.83455488089600
8.070000000  545.93595772755200
8.080000000  546.03725395647300
8.090000000  546.13844381134000
8.100000000  546.23952753498000
8.110000000  546.34050536936600
8.120000000  546.44137755562100
8.130000000  546.54214433402500
8.140000000  546.64280594401700
8.150000000  546.74336262419700
8.160000000  546.84381461233500
8.170000000  546.94416214536900
8.180000000  547.04440545941500
8.190000000  547.14454478976600
8.200000000  547.24458037089800
8.210000000  547.34451243647200
8.220000000  547.44434121934300
8.230000000  547.54406695155600
8.240000000  547.64368986435600
8.250000000  547.74321018818900
8.260000000  547.84262815270700
8.270000000  547.94194398677000
8.280000000  548.04115791845100
8.290000000  548.14027017503900
8.300000000  548.23928098304400
8.310000000  548.33819056819900
8.320000000  548.43699915546300
8.330000000  548.53570696902800
8.340000000  548.63431423231800
8.350000000  548.73282116799600
8.360000000  548.83122799796600
8.370000000  548.92953494337800
8.380000000  549.02774222462800
8.390000000  549.12585006136600
8.400000000  549.22385867249400
8.410000000  549.32176827617700
8.420000000  549.41957908983800
8.430000000  549.51729133016700
8.440000000  549.61490521312300
8.450000000  549.71242095393700
8.460000000  549.80983876711300
8.470000000  549.90715886643600
8.480000000  550.00438146497300
8.490000000  550.10150677507400
8.500000000  550.19853500838100
8.510000000  550.29546637582200
8.520000000  550.39230108762600
8.530000000  550.48903935331500
8.540000000  550.58568138171500
8.550000000  550.68222738095600
8.560000000  550.77867755847300
8.570000000  550.87503212101400
8.580000000  550.97129127464000
8.590000000  551.06745522472900
8.600000000  551.16352417597800
8.610000000  551.25949833240600
8.620000000  551.35537789735900
8.630000000  551.45116307351300
8.640000000  551.54685406287300
8.650000000  551.64245106678100
8.660000000  551.73795428591500
8.670000000  551.83336392029400
8.680000000  551.92868016928300
8.690000000  552.02390323159000
8.700000000  552.11903330527500
8.710000000  552.21407058774700
8.720000000  552.30901527577500
8.730000000  552.40386756548100
8.740000000  552.49862765235200
8.750000000  552.59329573123400
8.760000000  552.68787199634400
8.770000000  552.78235664126600
8.780000000  552.87674985895500
8.790000000  552.97105184174300
8.800000000  553.06526278133700
8.810000000  553.15938286882600
8.820000000  553.25341229468000
8.830000000  553.34735124875700
8.840000000  553.44119992030100
8.850000000  553.53495849794800
8.860000000  553.62862716972700
8.870000000  553.72220612306400
8.880000000  553.81569554478100
8.890000000  553.90909562110600
8.900000000  554.00240653766700
8.910000000  554.09562847950000
8.920000000  554.18876163105000
8.930000000  554.28180617617400
8.940000000  554.37476229814200
8.950000000  554.46763017964300
8.960000000  554.56041000278100
8.970000000  554.65310194908700
8.980000000  554.74570619951200
8.990000000  554.83822293443500
9.000000000  554.93065233366400
9.010000000  555.02299457644000
9.020000000  555.11524984143500
9.030000000  555.20741830676000
9.040000000  555.29950014996300
9.050000000  555.39149554803400
9.060000000  555.48340467740600
9.070000000  555.57522771395800
9.080000000  555.66696483301900
9.090000000  555.75861620936500
9.100000000  555.85018201722800
9.110000000  555.94166243029300
9.120000000  556.03305762170400
9.130000000  556.12436776406500
9.140000000  556.21559302944000
9.150000000  556.30673358935800
9.160000000  556.39778961481800
9.170000000  556.48876127628200
9.180000000  556.57964874368700
9.190000000  556.67045218644300
9.200000000  556.76117177343400
9.210000000  556.85180767302200
9.220000000  556.94236005305000
9.230000000  557.03282908084100
9.240000000  557.12321492320400
9.250000000  557.21351774643200
9.260000000  557.30373771631000
9.270000000  557.39387499811100
9.280000000  557.48392975660000
9.290000000  557.57390215603900
9.300000000  557.66379236018500
9.310000000  557.75360053229500
9.320000000  557.84332683512600
9.330000000  557.93297143094100
9.340000000  558.02253448150300
9.350000000  558.11201614808600
9.360000000  558.20141659147300
9.370000000  558.29073597195600
9.380000000  558.37997444934300
9.390000000  558.46913218295400
9.400000000  558.55820933162900
9.410000000  558.64720605372500
9.420000000  558.73612250712300
9.430000000  558.82495884922300
9.440000000  558.91371523695300
9.450000000  559.00239182676800
9.460000000  559.09098877464900
9.470000000  559.17950623611200
9.480000000  559.26794436620200
9.490000000  559.35630331950000
9.500000000  559.44458325012500
9.510000000  559.53278431173100
9.520000000  559.62090665751400
9.530000000  559.70895044021400
9.540000000  559.79691581211100
9.550000000  559.88480292503400
9.560000000  559.97261193035800
9.570000000  560.06034297900700
9.580000000  560.14799622145800
9.590000000  560.23557180774000
9.600000000  560.32306988743500
9.610000000  560.41049060968600
9.620000000  560.49783412318900
9.630000000  560.58510057620400
9.640000000  560.67229011655200
9.650000000  560.75940289161700
9.660000000  560.84643904834900
9.670000000  560.93339873326400
9.680000000  561.02028209244800
9.690000000  561.10708927155600
9.700000000  561.19382041581800
9.710000000  561.28047567003600
9.720000000  561.36705517858700
9.730000000  561.45355908542600
9.740000000  561.53998753408800
9.750000000  561.62634066768700
9.760000000  561.71261862892000
9.770000000  561.79882156006900
9.780000000  561.88494960299900
9.790000000  561.97100289916500
9.800000000  562.05698158960800
9.810000000  562.14288581496200
9.820000000  562.22871571545100
9.830000000  562.31447143089500
9.840000000  562.40015310070600
9.850000000  562.48576086389600
9.860000000  562.57129485907300
9.870000000  562.65675522444600
9.880000000  562.74214209782500
9.890000000  562.82745561662400
9.900000000  562.91269591786100
9.910000000  562.99786313816000
9.920000000  563.08295741375300
9.930000000  563.16797888047900
9.940000000  563.25292767379200
9.950000000  563.33780392875500
9.960000000  563.42260778004500
9.970000000  563.50733936195500
9.980000000  563.59199880839400
9.990000000  563.67658625288900
10.000000000 563.76110182858800
