3

1000  3.000000e-01

1

448

3    3    3

11   12   12

7    8    8

0    1    2    3    4    5    6    7    8    9    10   11   12   13   14   15   16   17   18   19   20   21   22   23   24   25   26   27   28   29   30   31   32   33   34   35   36   37   38   39   40   41   42   43   44   45   46   47   48   49   50   51   52   53   54   55   56   57   58   59   60   61   62   63   64   65   66   67   68   69   70   71   72   73   74   75   76   77   78   79   80   81   82   83   84   85   86   87   88   89   90   91   92   93   94   95   96   97   98   99   100  101  102  103  104  105  106  107  108  109  110  111  112  113  114  115  116  117  118  119  120  121  122  123  124  125  126  127  128  129  130  131  132  133  134  135  136  137  138  139  140  141  142  143  144  145  146  147  148  149  150  151  152  153  154  155  156  157  158  159  160  161  162  163  164  165  166  167  168  169  170  171  172  173  174  175  176  177  178  179  180  181  182  183  184  185  186  187  188  189  190  191  192  193  194  195  196  197  198  199  200  201  202  203  204  205  206  207  208  209  210  211  212  213  214  215  216  217  218  219  220  221  222  223  224  225  226  227  228  229  230  231  232  233  234  235  236  237  238  239  240  241  242  243  244  245  246  247  248  249  250  251  252  253  254  255  256  257  258  259  260  261  262  263  264  265  266  267  268  269  270  271  272  273  274  275  276  277  278  279  280  281  282  283  284  285  286  287  288  289  290  291  292  293  294  295  296  297  298  299  300  301  302  303  304  305  306  307  308  309  310  311  312  313  314  315  316  317  318  319  320  321  322  323  324  325  326  327  328  329  330  331  332  333  334  335  336  337  338  339  340  341  342  343  344  345  346  347  348  349  350  351  352  353  354  355  356  357  358  359  360  361  362  363  364  365  366  367  368  369  370  371  372  373  374  375  376  377  378  379  380  381  382  383  384  385  386  387  388  389  390  391  392  393  394  395  396  397  398  399  400  401  402  403  404  405  406  407  408  409  410  411  412  413  414  415  416  417  418  419  420  421  422  423  424  425  426  427  428  429  430  431  432  433  434  435  436  437  438  439  440  441  442  443  444  445  446  447

0    0    0

0.0000000000000000e+00  0.0000000000000000e+00  0.0000000000000000e+00  0.0000000000000000e+00  2.5000000000000000e-01  5.0000000000000000e-01  7.5000000000000000e-01  1.0000000000000000e+00  1.0000000000000000e+00  1.0000000000000000e+00  1.0000000000000000e+00
0.0000000000000000e+00  0.0000000000000000e+00  0.0000000000000000e+00  0.0000000000000000e+00  2.0000000000000001e-01  4.0000000000000002e-01  5.9999999999999998e-01  8.0000000000000004e-01  1.0000000000000000e+00  1.0000000000000000e+00  1.0000000000000000e+00  1.0000000000000000e+00
0.0000000000000000e+00  0.0000000000000000e+00  0.0000000000000000e+00  0.0000000000000000e+00  2.0000000000000001e-01  4.0000000000000002e-01  5.9999999999999998e-01  8.0000000000000004e-01  1.0000000000000000e+00  1.0000000000000000e+00  1.0000000000000000e+00  1.0000000000000000e+00

0     0.0000000000000000e+00  2.0000000000000000e+00  0.0000000000000000e+00  1.0000000000000000e+00
1     4.1666666666666671e-02  2.0000000000000000e+00  0.0000000000000000e+00  1.0000000000000000e+00
2     1.2500000000000000e-01  2.0000000000000000e+00  0.0000000000000000e+00  1.0000000000000000e+00
3     2.5000000000000000e-01  2.0000000000000000e+00  0.0000000000000000e+00  1.0000000000000000e+00
4     3.7500000000000000e-01  2.0000000000000000e+00  0.0000000000000000e+00  1.0000000000000000e+00
5     4.5833333333333337e-01  2.0000000000000000e+00  0.0000000000000000e+00  1.0000000000000000e+00
6     5.0000000000000000e-01  2.0000000000000000e+00  0.0000000000000000e+00  1.0000000000000000e+00
7     0.0000000000000000e+00  2.0666666666666669e+00  0.0000000000000000e+00  1.0000000000000000e+00
8     4.1666666666666671e-02  2.0666666666666669e+00  0.0000000000000000e+00  1.0000000000000000e+00
9     1.2500000000000000e-01  2.0666666666666669e+00  0.0000000000000000e+00  1.0000000000000000e+00
10    2.5000000000000000e-01  2.0666666666666669e+00  0.0000000000000000e+00  1.0000000000000000e+00
11    3.7500000000000006e-01  2.0666666666666669e+00  0.0000000000000000e+00  1.0000000000000000e+00
12    4.5833333333333337e-01  2.0666666666666669e+00  0.0000000000000000e+00  1.0000000000000000e+00
13    5.0000000000000000e-01  2.0666666666666669e+00  0.0000000000000000e+00  1.0000000000000000e+00
14    0.0000000000000000e+00  2.2000000000000002e+00  0.0000000000000000e+00  1.0000000000000000e+00
15    4.1666666666666671e-02  2.2000000000000002e+00  0.0000000000000000e+00  1.0000000000000000e+00
16    1.2500000000000000e-01  2.2000000000000002e+00  0.0000000000000000e+00  1.0000000000000000e+00
17    2.5000000000000000e-01  2.2000000000000002e+00  0.0000000000000000e+00  1.0000000000000000e+00
18    3.7500000000000006e-01  2.2000000000000002e+00  0.0000000000000000e+00  1.0000000000000000e+00
19    4.5833333333333343e-01  2.2000000000000002e+00  0.0000000000000000e+00  1.0000000000000000e+00
20    5.0000000000000000e-01  2.2000000000000002e+00  0.0000000000000000e+00  1.0000000000000000e+00
21    0.0000000000000000e+00  2.4000000000000004e+00  0.0000000000000000e+00  1.0000000000000000e+00
22    4.1666666666666678e-02  2.4000000000000004e+00  0.0000000000000000e+00  1.0000000000000000e+00
23    1.2500000000000000e-01  2.4000000000000004e+00  0.0000000000000000e+00  1.0000000000000000e+00
24    2.5000000000000000e-01  2.4000000000000004e+00  0.0000000000000000e+00  1.0000000000000000e+00
25    3.7500000000000006e-01  2.4000000000000004e+00  0.0000000000000000e+00  1.0000000000000000e+00
26    4.5833333333333337e-01  2.4000000000000004e+00  0.0000000000000000e+00  1.0000000000000000e+00
27    5.0000000000000000e-01  2.4000000000000004e+00  0.0000000000000000e+00  1.0000000000000000e+00
28    0.0000000000000000e+00  2.6000000000000001e+00  0.0000000000000000e+00  1.0000000000000000e+00
29    4.1666666666666671e-02  2.6000000000000001e+00  0.0000000000000000e+00  1.0000000000000000e+00
30    1.2500000000000000e-01  2.6000000000000001e+00  0.0000000000000000e+00  1.0000000000000000e+00
31    2.5000000000000000e-01  2.6000000000000001e+00  0.0000000000000000e+00  1.0000000000000000e+00
32    3.7500000000000000e-01  2.6000000000000001e+00  0.0000000000000000e+00  1.0000000000000000e+00
33    4.5833333333333337e-01  2.6000000000000001e+00  0.0000000000000000e+00  1.0000000000000000e+00
34    5.0000000000000000e-01  2.6000000000000001e+00  0.0000000000000000e+00  1.0000000000000000e+00
35    0.0000000000000000e+00  2.7999999999999998e+00  0.0000000000000000e+00  1.0000000000000000e+00
36    4.1666666666666671e-02  2.7999999999999998e+00  0.0000000000000000e+00  1.0000000000000000e+00
37    1.2500000000000000e-01  2.7999999999999998e+00  0.0000000000000000e+00  1.0000000000000000e+00
38    2.5000000000000000e-01  2.7999999999999998e+00  0.0000000000000000e+00  1.0000000000000000e+00
39    3.7500000000000000e-01  2.7999999999999998e+00  0.0000000000000000e+00  1.0000000000000000e+00
40    4.5833333333333337e-01  2.7999999999999998e+00  0.0000000000000000e+00  1.0000000000000000e+00
41    5.0000000000000000e-01  2.7999999999999998e+00  0.0000000000000000e+00  1.0000000000000000e+00
42    0.0000000000000000e+00  2.9333333333333336e+00  0.0000000000000000e+00  1.0000000000000000e+00
43    4.1666666666666671e-02  2.9333333333333336e+00  0.0000000000000000e+00  1.0000000000000000e+00
44    1.2500000000000000e-01  2.9333333333333336e+00  0.0000000000000000e+00  1.0000000000000000e+00
45    2.5000000000000000e-01  2.9333333333333336e+00  0.0000000000000000e+00  1.0000000000000000e+00
46    3.7500000000000000e-01  2.9333333333333336e+00  0.0000000000000000e+00  1.0000000000000000e+00
47    4.5833333333333337e-01  2.9333333333333336e+00  0.0000000000000000e+00  1.0000000000000000e+00
48    5.0000000000000000e-01  2.9333333333333336e+00  0.0000000000000000e+00  1.0000000000000000e+00
49    0.0000000000000000e+00  3.0000000000000000e+00  0.0000000000000000e+00  1.0000000000000000e+00
50    4.1666666666666671e-02  3.0000000000000000e+00  0.0000000000000000e+00  1.0000000000000000e+00
51    1.2500000000000000e-01  3.0000000000000000e+00  0.0000000000000000e+00  1.0000000000000000e+00
52    2.5000000000000000e-01  3.0000000000000000e+00  0.0000000000000000e+00  1.0000000000000000e+00
53    3.7500000000000000e-01  3.0000000000000000e+00  0.0000000000000000e+00  1.0000000000000000e+00
54    4.5833333333333337e-01  3.0000000000000000e+00  0.0000000000000000e+00  1.0000000000000000e+00
55    5.0000000000000000e-01  3.0000000000000000e+00  0.0000000000000000e+00  1.0000000000000000e+00
56    0.0000000000000000e+00  2.0000000000000000e+00  1.9622486599820646e-01  9.6094757082487303e-01
57    4.1666666666666671e-02  2.0000000000000000e+00  1.9622486599820646e-01  9.6094757082487303e-01
58    1.2500000000000003e-01  2.0000000000000000e+00  1.9622486599820646e-01  9.6094757082487303e-01
59    2.5000000000000006e-01  2.0000000000000000e+00  1.9622486599820646e-01  9.6094757082487303e-01
60    3.7500000000000006e-01  2.0000000000000000e+00  1.9622486599820646e-01  9.6094757082487303e-01
61    4.5833333333333337e-01  2.0000000000000000e+00  1.9622486599820646e-01  9.6094757082487303e-01
62    5.0000000000000000e-01  2.0000000000000000e+00  1.9622486599820646e-01  9.6094757082487303e-01
63    0.0000000000000000e+00  2.0666666666666669e+00  2.0276569486481336e-01  9.6094757082487303e-01
64    4.1666666666666671e-02  2.0666666666666669e+00  2.0276569486481336e-01  9.6094757082487303e-01
65    1.2500000000000003e-01  2.0666666666666669e+00  2.0276569486481336e-01  9.6094757082487303e-01
66    2.5000000000000006e-01  2.0666666666666669e+00  2.0276569486481336e-01  9.6094757082487303e-01
67    3.7500000000000006e-01  2.0666666666666669e+00  2.0276569486481336e-01  9.6094757082487303e-01
68    4.5833333333333337e-01  2.0666666666666669e+00  2.0276569486481336e-01  9.6094757082487303e-01
69    5.0000000000000000e-01  2.0666666666666669e+00  2.0276569486481336e-01  9.6094757082487303e-01
70    0.0000000000000000e+00  2.1999999999999997e+00  2.1584735259802709e-01  9.6094757082487314e-01
71    4.1666666666666671e-02  2.1999999999999997e+00  2.1584735259802709e-01  9.6094757082487314e-01
72    1.2500000000000000e-01  2.1999999999999997e+00  2.1584735259802709e-01  9.6094757082487314e-01
73    2.5000000000000000e-01  2.1999999999999997e+00  2.1584735259802709e-01  9.6094757082487314e-01
74    3.7500000000000006e-01  2.2000000000000002e+00  2.1584735259802712e-01  9.6094757082487303e-01
75    4.5833333333333337e-01  2.1999999999999997e+00  2.1584735259802709e-01  9.6094757082487314e-01
76    5.0000000000000000e-01  2.1999999999999997e+00  2.1584735259802709e-01  9.6094757082487314e-01
77    0.0000000000000000e+00  2.4000000000000004e+00  2.3546983919784772e-01  9.6094757082487314e-01
78    4.1666666666666678e-02  2.4000000000000004e+00  2.3546983919784772e-01  9.6094757082487314e-01
79    1.2500000000000000e-01  2.4000000000000004e+00  2.3546983919784772e-01  9.6094757082487314e-01
80    2.5000000000000000e-01  2.4000000000000004e+00  2.3546983919784772e-01  9.6094757082487314e-01
81    3.7500000000000000e-01  2.4000000000000004e+00  2.3546983919784772e-01  9.6094757082487314e-01
82    4.5833333333333331e-01  2.4000000000000004e+00  2.3546983919784772e-01  9.6094757082487314e-01
83    5.0000000000000000e-01  2.4000000000000004e+00  2.3546983919784772e-01  9.6094757082487314e-01
84    0.0000000000000000e+00  2.6000000000000001e+00  2.5509232579766838e-01  9.6094757082487303e-01
85    4.1666666666666671e-02  2.6000000000000001e+00  2.5509232579766838e-01  9.6094757082487303e-01
86    1.2500000000000003e-01  2.6000000000000001e+00  2.5509232579766838e-01  9.6094757082487303e-01
87    2.5000000000000006e-01  2.6000000000000001e+00  2.5509232579766833e-01  9.6094757082487303e-01
88    3.7500000000000006e-01  2.6000000000000001e+00  2.5509232579766838e-01  9.6094757082487303e-01
89    4.5833333333333337e-01  2.6000000000000001e+00  2.5509232579766838e-01  9.6094757082487303e-01
90    5.0000000000000000e-01  2.6000000000000001e+00  2.5509232579766838e-01  9.6094757082487303e-01
91    0.0000000000000000e+00  2.7999999999999998e+00  2.7471481239748902e-01  9.6094757082487303e-01
92    4.1666666666666671e-02  2.7999999999999998e+00  2.7471481239748902e-01  9.6094757082487303e-01
93    1.2500000000000003e-01  2.7999999999999998e+00  2.7471481239748902e-01  9.6094757082487303e-01
94    2.5000000000000006e-01  2.7999999999999998e+00  2.7471481239748902e-01  9.6094757082487303e-01
95    3.7500000000000006e-01  2.7999999999999998e+00  2.7471481239748902e-01  9.6094757082487303e-01
96    4.5833333333333337e-01  2.7999999999999998e+00  2.7471481239748902e-01  9.6094757082487303e-01
97    5.0000000000000000e-01  2.7999999999999998e+00  2.7471481239748902e-01  9.6094757082487303e-01
98    0.0000000000000000e+00  2.9333333333333336e+00  2.8779647013070281e-01  9.6094757082487303e-01
99    4.1666666666666671e-02  2.9333333333333336e+00  2.8779647013070281e-01  9.6094757082487303e-01
100   1.2500000000000003e-01  2.9333333333333336e+00  2.8779647013070281e-01  9.6094757082487303e-01
101   2.5000000000000006e-01  2.9333333333333336e+00  2.8779647013070281e-01  9.6094757082487303e-01
102   3.7500000000000006e-01  2.9333333333333336e+00  2.8779647013070281e-01  9.6094757082487303e-01
103   4.5833333333333337e-01  2.9333333333333336e+00  2.8779647013070281e-01  9.6094757082487303e-01
104   5.0000000000000000e-01  2.9333333333333336e+00  2.8779647013070281e-01  9.6094757082487303e-01
105   0.0000000000000000e+00  3.0000000000000004e+00  2.9433729899730965e-01  9.6094757082487303e-01
106   4.1666666666666671e-02  3.0000000000000004e+00  2.9433729899730965e-01  9.6094757082487303e-01
107   1.2500000000000003e-01  3.0000000000000004e+00  2.9433729899730965e-01  9.6094757082487303e-01
108   2.5000000000000006e-01  3.0000000000000004e+00  2.9433729899730965e-01  9.6094757082487303e-01
109   3.7500000000000006e-01  3.0000000000000004e+00  2.9433729899730965e-01  9.6094757082487303e-01
110   4.5833333333333337e-01  3.0000000000000004e+00  2.9433729899730965e-01  9.6094757082487303e-01
111   5.0000000000000000e-01  3.0000000000000004e+00  2.9433729899730965e-01  9.6094757082487303e-01
112   0.0000000000000000e+00  1.9406394111698499e+00  6.0502616249147967e-01  8.9846368414466982e-01
113   4.1666666666666671e-02  1.9406394111698499e+00  6.0502616249147967e-01  8.9846368414466982e-01
114   1.2500000000000003e-01  1.9406394111698499e+00  6.0502616249147967e-01  8.9846368414466982e-01
115   2.5000000000000006e-01  1.9406394111698499e+00  6.0502616249147967e-01  8.9846368414466982e-01
116   3.7500000000000000e-01  1.9406394111698499e+00  6.0502616249147967e-01  8.9846368414466982e-01
117   4.5833333333333337e-01  1.9406394111698499e+00  6.0502616249147967e-01  8.9846368414466982e-01
118   5.0000000000000000e-01  1.9406394111698499e+00  6.0502616249147967e-01  8.9846368414466982e-01
119   0.0000000000000000e+00  2.0053273915421790e+00  6.2519370124119567e-01  8.9846368414466982e-01
120   4.1666666666666671e-02  2.0053273915421790e+00  6.2519370124119567e-01  8.9846368414466982e-01
121   1.2500000000000003e-01  2.0053273915421790e+00  6.2519370124119567e-01  8.9846368414466982e-01
122   2.5000000000000006e-01  2.0053273915421790e+00  6.2519370124119567e-01  8.9846368414466982e-01
123   3.7500000000000006e-01  2.0053273915421790e+00  6.2519370124119567e-01  8.9846368414466982e-01
124   4.5833333333333337e-01  2.0053273915421790e+00  6.2519370124119567e-01  8.9846368414466982e-01
125   5.0000000000000000e-01  2.0053273915421790e+00  6.2519370124119567e-01  8.9846368414466982e-01
126   0.0000000000000000e+00  2.1347033522868353e+00  6.6552877874062766e-01  8.9846368414466993e-01
127   4.1666666666666664e-02  2.1347033522868353e+00  6.6552877874062766e-01  8.9846368414466993e-01
128   1.2500000000000003e-01  2.1347033522868353e+00  6.6552877874062766e-01  8.9846368414466993e-01
129   2.5000000000000006e-01  2.1347033522868353e+00  6.6552877874062766e-01  8.9846368414466993e-01
130   3.7500000000000006e-01  2.1347033522868353e+00  6.6552877874062777e-01  8.9846368414466982e-01
131   4.5833333333333337e-01  2.1347033522868353e+00  6.6552877874062766e-01  8.9846368414466993e-01
132   5.0000000000000000e-01  2.1347033522868353e+00  6.6552877874062766e-01  8.9846368414466993e-01
133   0.0000000000000000e+00  2.3287672934038204e+00  7.2603139498977542e-01  8.9846368414467004e-01
134   4.1666666666666664e-02  2.3287672934038204e+00  7.2603139498977542e-01  8.9846368414467004e-01
135   1.2500000000000000e-01  2.3287672934038204e+00  7.2603139498977542e-01  8.9846368414467004e-01
136   2.5000000000000000e-01  2.3287672934038204e+00  7.2603139498977542e-01  8.9846368414467004e-01
137   3.7500000000000006e-01  2.3287672934038204e+00  7.2603139498977565e-01  8.9846368414466993e-01
138   4.5833333333333326e-01  2.3287672934038204e+00  7.2603139498977542e-01  8.9846368414467004e-01
139   5.0000000000000000e-01  2.3287672934038204e+00  7.2603139498977542e-01  8.9846368414467004e-01
140   0.0000000000000000e+00  2.5228312345208055e+00  7.8653401123892352e-01  8.9846368414466982e-01
141   4.1666666666666671e-02  2.5228312345208055e+00  7.8653401123892352e-01  8.9846368414466982e-01
142   1.2500000000000003e-01  2.5228312345208055e+00  7.8653401123892352e-01  8.9846368414466982e-01
143   2.5000000000000006e-01  2.5228312345208055e+00  7.8653401123892341e-01  8.9846368414466982e-01
144   3.7500000000000006e-01  2.5228312345208055e+00  7.8653401123892352e-01  8.9846368414466982e-01
145   4.5833333333333337e-01  2.5228312345208055e+00  7.8653401123892352e-01  8.9846368414466982e-01
146   5.0000000000000000e-01  2.5228312345208055e+00  7.8653401123892352e-01  8.9846368414466982e-01
147   0.0000000000000000e+00  2.7168951756377906e+00  8.4703662748807151e-01  8.9846368414466982e-01
148   4.1666666666666671e-02  2.7168951756377906e+00  8.4703662748807151e-01  8.9846368414466982e-01
149   1.2500000000000003e-01  2.7168951756377906e+00  8.4703662748807151e-01  8.9846368414466982e-01
150   2.5000000000000006e-01  2.7168951756377906e+00  8.4703662748807151e-01  8.9846368414466982e-01
151   3.7500000000000000e-01  2.7168951756377906e+00  8.4703662748807151e-01  8.9846368414466982e-01
152   4.5833333333333337e-01  2.7168951756377906e+00  8.4703662748807151e-01  8.9846368414466982e-01
153   5.0000000000000000e-01  2.7168951756377906e+00  8.4703662748807151e-01  8.9846368414466982e-01
154   0.0000000000000000e+00  2.8462711363824478e+00  8.8737170498750351e-01  8.9846368414466982e-01
155   4.1666666666666671e-02  2.8462711363824478e+00  8.8737170498750351e-01  8.9846368414466982e-01
156   1.2500000000000003e-01  2.8462711363824478e+00  8.8737170498750351e-01  8.9846368414466982e-01
157   2.5000000000000006e-01  2.8462711363824478e+00  8.8737170498750351e-01  8.9846368414466982e-01
158   3.7500000000000000e-01  2.8462711363824478e+00  8.8737170498750351e-01  8.9846368414466982e-01
159   4.5833333333333337e-01  2.8462711363824478e+00  8.8737170498750351e-01  8.9846368414466982e-01
160   5.0000000000000000e-01  2.8462711363824478e+00  8.8737170498750351e-01  8.9846368414466982e-01
161   0.0000000000000000e+00  2.9109591167547753e+00  9.0753924373721950e-01  8.9846368414466982e-01
162   4.1666666666666671e-02  2.9109591167547753e+00  9.0753924373721950e-01  8.9846368414466982e-01
163   1.2500000000000003e-01  2.9109591167547753e+00  9.0753924373721950e-01  8.9846368414466982e-01
164   2.5000000000000006e-01  2.9109591167547753e+00  9.0753924373721939e-01  8.9846368414466982e-01
165   3.7500000000000000e-01  2.9109591167547753e+00  9.0753924373721950e-01  8.9846368414466982e-01
166   4.5833333333333337e-01  2.9109591167547753e+00  9.0753924373721950e-01  8.9846368414466982e-01
167   5.0000000000000000e-01  2.9109591167547753e+00  9.0753924373721950e-01  8.9846368414466982e-01
168   0.0000000000000000e+00  1.6555506477155388e+00  1.1858469855094560e+00  8.5160076913451754e-01
169   4.1666666666666678e-02  1.6555506477155388e+00  1.1858469855094560e+00  8.5160076913451754e-01
170   1.2500000000000003e-01  1.6555506477155388e+00  1.1858469855094560e+00  8.5160076913451754e-01
171   2.5000000000000006e-01  1.6555506477155388e+00  1.1858469855094560e+00  8.5160076913451754e-01
172   3.7500000000000006e-01  1.6555506477155388e+00  1.1858469855094560e+00  8.5160076913451754e-01
173   4.5833333333333337e-01  1.6555506477155388e+00  1.1858469855094560e+00  8.5160076913451754e-01
174   5.0000000000000000e-01  1.6555506477155388e+00  1.1858469855094560e+00  8.5160076913451754e-01
175   0.0000000000000000e+00  1.7107356693060569e+00  1.2253752183597710e+00  8.5160076913451754e-01
176   4.1666666666666678e-02  1.7107356693060569e+00  1.2253752183597710e+00  8.5160076913451754e-01
177   1.2500000000000003e-01  1.7107356693060569e+00  1.2253752183597713e+00  8.5160076913451754e-01
178   2.5000000000000006e-01  1.7107356693060569e+00  1.2253752183597710e+00  8.5160076913451754e-01
179   3.7500000000000006e-01  1.7107356693060569e+00  1.2253752183597713e+00  8.5160076913451754e-01
180   4.5833333333333337e-01  1.7107356693060569e+00  1.2253752183597710e+00  8.5160076913451754e-01
181   5.0000000000000000e-01  1.7107356693060569e+00  1.2253752183597710e+00  8.5160076913451754e-01
182   0.0000000000000000e+00  1.8211057124870926e+00  1.3044316840604013e+00  8.5160076913451765e-01
183   4.1666666666666671e-02  1.8211057124870926e+00  1.3044316840604013e+00  8.5160076913451765e-01
184   1.2500000000000000e-01  1.8211057124870926e+00  1.3044316840604013e+00  8.5160076913451765e-01
185   2.5000000000000000e-01  1.8211057124870926e+00  1.3044316840604013e+00  8.5160076913451765e-01
186   3.7500000000000006e-01  1.8211057124870929e+00  1.3044316840604016e+00  8.5160076913451754e-01
187   4.5833333333333331e-01  1.8211057124870926e+00  1.3044316840604013e+00  8.5160076913451765e-01
188   5.0000000000000000e-01  1.8211057124870926e+00  1.3044316840604013e+00  8.5160076913451765e-01
189   0.0000000000000000e+00  1.9866607772586466e+00  1.4230163826113467e+00  8.5160076913451765e-01
190   4.1666666666666671e-02  1.9866607772586466e+00  1.4230163826113467e+00  8.5160076913451765e-01
191   1.2500000000000003e-01  1.9866607772586466e+00  1.4230163826113471e+00  8.5160076913451765e-01
192   2.5000000000000006e-01  1.9866607772586466e+00  1.4230163826113467e+00  8.5160076913451765e-01
193   3.7500000000000000e-01  1.9866607772586471e+00  1.4230163826113471e+00  8.5160076913451765e-01
194   4.5833333333333331e-01  1.9866607772586466e+00  1.4230163826113467e+00  8.5160076913451765e-01
195   5.0000000000000000e-01  1.9866607772586466e+00  1.4230163826113467e+00  8.5160076913451765e-01
196   0.0000000000000000e+00  2.1522158420302002e+00  1.5416010811622929e+00  8.5160076913451754e-01
197   4.1666666666666678e-02  2.1522158420302002e+00  1.5416010811622929e+00  8.5160076913451754e-01
198   1.2500000000000003e-01  2.1522158420302007e+00  1.5416010811622929e+00  8.5160076913451754e-01
199   2.5000000000000006e-01  2.1522158420302002e+00  1.5416010811622927e+00  8.5160076913451754e-01
200   3.7500000000000006e-01  2.1522158420302002e+00  1.5416010811622929e+00  8.5160076913451754e-01
201   4.5833333333333337e-01  2.1522158420302002e+00  1.5416010811622929e+00  8.5160076913451754e-01
202   5.0000000000000000e-01  2.1522158420302002e+00  1.5416010811622929e+00  8.5160076913451754e-01
203   0.0000000000000000e+00  2.3177709068017545e+00  1.6601857797132382e+00  8.5160076913451754e-01
204   4.1666666666666678e-02  2.3177709068017545e+00  1.6601857797132382e+00  8.5160076913451754e-01
205   1.2500000000000003e-01  2.3177709068017545e+00  1.6601857797132382e+00  8.5160076913451754e-01
206   2.5000000000000006e-01  2.3177709068017545e+00  1.6601857797132382e+00  8.5160076913451754e-01
207   3.7500000000000006e-01  2.3177709068017545e+00  1.6601857797132382e+00  8.5160076913451754e-01
208   4.5833333333333337e-01  2.3177709068017545e+00  1.6601857797132382e+00  8.5160076913451754e-01
209   5.0000000000000000e-01  2.3177709068017545e+00  1.6601857797132382e+00  8.5160076913451754e-01
210   0.0000000000000000e+00  2.4281409499827911e+00  1.7392422454138687e+00  8.5160076913451754e-01
211   4.1666666666666678e-02  2.4281409499827911e+00  1.7392422454138687e+00  8.5160076913451754e-01
212   1.2500000000000003e-01  2.4281409499827911e+00  1.7392422454138687e+00  8.5160076913451754e-01
213   2.5000000000000006e-01  2.4281409499827911e+00  1.7392422454138687e+00  8.5160076913451754e-01
214   3.7500000000000006e-01  2.4281409499827911e+00  1.7392422454138687e+00  8.5160076913451754e-01
215   4.5833333333333337e-01  2.4281409499827911e+00  1.7392422454138687e+00  8.5160076913451754e-01
216   5.0000000000000000e-01  2.4281409499827911e+00  1.7392422454138687e+00  8.5160076913451754e-01
217   0.0000000000000000e+00  2.4833259715733083e+00  1.7787704782641842e+00  8.5160076913451754e-01
218   4.1666666666666678e-02  2.4833259715733083e+00  1.7787704782641842e+00  8.5160076913451754e-01
219   1.2500000000000003e-01  2.4833259715733087e+00  1.7787704782641842e+00  8.5160076913451754e-01
220   2.5000000000000006e-01  2.4833259715733083e+00  1.7787704782641836e+00  8.5160076913451754e-01
221   3.7500000000000006e-01  2.4833259715733083e+00  1.7787704782641842e+00  8.5160076913451754e-01
222   4.5833333333333337e-01  2.4833259715733083e+00  1.7787704782641842e+00  8.5160076913451754e-01
223   5.0000000000000000e-01  2.4833259715733083e+00  1.7787704782641842e+00  8.5160076913451754e-01
224   0.0000000000000000e+00  1.1858469855094560e+00  1.6555506477155393e+00  8.5160076913451732e-01
225   4.1666666666666678e-02  1.1858469855094560e+00  1.6555506477155393e+00  8.5160076913451732e-01
226   1.2500000000000003e-01  1.1858469855094560e+00  1.6555506477155393e+00  8.5160076913451732e-01
227   2.5000000000000006e-01  1.1858469855094562e+00  1.6555506477155393e+00  8.5160076913451732e-01
228   3.7500000000000006e-01  1.1858469855094560e+00  1.6555506477155393e+00  8.5160076913451732e-01
229   4.5833333333333343e-01  1.1858469855094560e+00  1.6555506477155393e+00  8.5160076913451732e-01
230   5.0000000000000000e-01  1.1858469855094560e+00  1.6555506477155393e+00  8.5160076913451732e-01
231   0.0000000000000000e+00  1.2253752183597713e+00  1.7107356693060571e+00  8.5160076913451732e-01
232   4.1666666666666678e-02  1.2253752183597713e+00  1.7107356693060571e+00  8.5160076913451732e-01
233   1.2500000000000003e-01  1.2253752183597713e+00  1.7107356693060574e+00  8.5160076913451732e-01
234   2.5000000000000006e-01  1.2253752183597713e+00  1.7107356693060571e+00  8.5160076913451732e-01
235   3.7500000000000006e-01  1.2253752183597713e+00  1.7107356693060574e+00  8.5160076913451732e-01
236   4.5833333333333343e-01  1.2253752183597713e+00  1.7107356693060571e+00  8.5160076913451732e-01
237   5.0000000000000000e-01  1.2253752183597713e+00  1.7107356693060571e+00  8.5160076913451732e-01
238   0.0000000000000000e+00  1.3044316840604016e+00  1.8211057124870929e+00  8.5160076913451754e-01
239   4.1666666666666664e-02  1.3044316840604016e+00  1.8211057124870929e+00  8.5160076913451754e-01
240   1.2500000000000000e-01  1.3044316840604016e+00  1.8211057124870929e+00  8.5160076913451754e-01
241   2.5000000000000000e-01  1.3044316840604016e+00  1.8211057124870929e+00  8.5160076913451754e-01
242   3.7500000000000011e-01  1.3044316840604016e+00  1.8211057124870933e+00  8.5160076913451732e-01
243   4.5833333333333331e-01  1.3044316840604016e+00  1.8211057124870929e+00  8.5160076913451754e-01
244   5.0000000000000000e-01  1.3044316840604016e+00  1.8211057124870929e+00  8.5160076913451754e-01
245   0.0000000000000000e+00  1.4230163826113471e+00  1.9866607772586469e+00  8.5160076913451754e-01
246   4.1666666666666664e-02  1.4230163826113471e+00  1.9866607772586469e+00  8.5160076913451754e-01
247   1.2500000000000000e-01  1.4230163826113471e+00  1.9866607772586469e+00  8.5160076913451754e-01
248   2.5000000000000000e-01  1.4230163826113471e+00  1.9866607772586469e+00  8.5160076913451754e-01
249   3.7500000000000006e-01  1.4230163826113471e+00  1.9866607772586471e+00  8.5160076913451754e-01
250   4.5833333333333331e-01  1.4230163826113471e+00  1.9866607772586469e+00  8.5160076913451754e-01
251   5.0000000000000000e-01  1.4230163826113471e+00  1.9866607772586469e+00  8.5160076913451754e-01
252   0.0000000000000000e+00  1.5416010811622927e+00  2.1522158420302011e+00  8.5160076913451732e-01
253   4.1666666666666678e-02  1.5416010811622927e+00  2.1522158420302011e+00  8.5160076913451732e-01
254   1.2500000000000003e-01  1.5416010811622927e+00  2.1522158420302011e+00  8.5160076913451732e-01
255   2.5000000000000006e-01  1.5416010811622927e+00  2.1522158420302011e+00  8.5160076913451732e-01
256   3.7500000000000011e-01  1.5416010811622927e+00  2.1522158420302011e+00  8.5160076913451732e-01
257   4.5833333333333343e-01  1.5416010811622927e+00  2.1522158420302011e+00  8.5160076913451732e-01
258   5.0000000000000000e-01  1.5416010811622927e+00  2.1522158420302011e+00  8.5160076913451732e-01
259   0.0000000000000000e+00  1.6601857797132384e+00  2.3177709068017549e+00  8.5160076913451732e-01
260   4.1666666666666678e-02  1.6601857797132384e+00  2.3177709068017549e+00  8.5160076913451732e-01
261   1.2500000000000003e-01  1.6601857797132384e+00  2.3177709068017549e+00  8.5160076913451732e-01
262   2.5000000000000006e-01  1.6601857797132384e+00  2.3177709068017549e+00  8.5160076913451732e-01
263   3.7500000000000006e-01  1.6601857797132384e+00  2.3177709068017549e+00  8.5160076913451732e-01
264   4.5833333333333343e-01  1.6601857797132384e+00  2.3177709068017549e+00  8.5160076913451732e-01
265   5.0000000000000000e-01  1.6601857797132384e+00  2.3177709068017549e+00  8.5160076913451732e-01
266   0.0000000000000000e+00  1.7392422454138690e+00  2.4281409499827911e+00  8.5160076913451732e-01
267   4.1666666666666678e-02  1.7392422454138690e+00  2.4281409499827911e+00  8.5160076913451732e-01
268   1.2500000000000003e-01  1.7392422454138690e+00  2.4281409499827911e+00  8.5160076913451732e-01
269   2.5000000000000006e-01  1.7392422454138690e+00  2.4281409499827911e+00  8.5160076913451732e-01
270   3.7500000000000006e-01  1.7392422454138690e+00  2.4281409499827911e+00  8.5160076913451732e-01
271   4.5833333333333343e-01  1.7392422454138690e+00  2.4281409499827911e+00  8.5160076913451732e-01
272   5.0000000000000000e-01  1.7392422454138690e+00  2.4281409499827911e+00  8.5160076913451732e-01
273   0.0000000000000000e+00  1.7787704782641840e+00  2.4833259715733091e+00  8.5160076913451732e-01
274   4.1666666666666678e-02  1.7787704782641840e+00  2.4833259715733091e+00  8.5160076913451732e-01
275   1.2500000000000003e-01  1.7787704782641840e+00  2.4833259715733091e+00  8.5160076913451732e-01
276   2.5000000000000006e-01  1.7787704782641840e+00  2.4833259715733091e+00  8.5160076913451732e-01
277   3.7500000000000006e-01  1.7787704782641840e+00  2.4833259715733091e+00  8.5160076913451732e-01
278   4.5833333333333343e-01  1.7787704782641840e+00  2.4833259715733091e+00  8.5160076913451732e-01
279   5.0000000000000000e-01  1.7787704782641840e+00  2.4833259715733091e+00  8.5160076913451732e-01
280   0.0000000000000000e+00  6.0502616249147956e-01  1.9406394111698504e+00  8.9846368414466982e-01
281   4.1666666666666671e-02  6.0502616249147956e-01  1.9406394111698504e+00  8.9846368414466982e-01
282   1.2500000000000000e-01  6.0502616249147956e-01  1.9406394111698504e+00  8.9846368414466982e-01
283   2.5000000000000000e-01  6.0502616249147967e-01  1.9406394111698504e+00  8.9846368414466982e-01
284   3.7500000000000000e-01  6.0502616249147956e-01  1.9406394111698504e+00  8.9846368414466982e-01
285   4.5833333333333337e-01  6.0502616249147956e-01  1.9406394111698504e+00  8.9846368414466982e-01
286   5.0000000000000000e-01  6.0502616249147956e-01  1.9406394111698504e+00  8.9846368414466982e-01
287   0.0000000000000000e+00  6.2519370124119555e-01  2.0053273915421785e+00  8.9846368414466982e-01
288   4.1666666666666671e-02  6.2519370124119555e-01  2.0053273915421785e+00  8.9846368414466982e-01
289   1.2500000000000000e-01  6.2519370124119555e-01  2.0053273915421790e+00  8.9846368414466982e-01
290   2.5000000000000000e-01  6.2519370124119567e-01  2.0053273915421785e+00  8.9846368414466982e-01
291   3.7500000000000006e-01  6.2519370124119555e-01  2.0053273915421790e+00  8.9846368414466982e-01
292   4.5833333333333337e-01  6.2519370124119555e-01  2.0053273915421785e+00  8.9846368414466982e-01
293   5.0000000000000000e-01  6.2519370124119555e-01  2.0053273915421785e+00  8.9846368414466982e-01
294   0.0000000000000000e+00  6.6552877874062744e-01  2.1347033522868357e+00  8.9846368414466982e-01
295   4.1666666666666671e-02  6.6552877874062744e-01  2.1347033522868357e+00  8.9846368414466982e-01
296   1.2500000000000000e-01  6.6552877874062744e-01  2.1347033522868357e+00  8.9846368414466982e-01
297   2.5000000000000000e-01  6.6552877874062744e-01  2.1347033522868357e+00  8.9846368414466982e-01
298   3.7500000000000006e-01  6.6552877874062744e-01  2.1347033522868357e+00  8.9846368414466982e-01
299   4.5833333333333343e-01  6.6552877874062744e-01  2.1347033522868357e+00  8.9846368414466982e-01
300   5.0000000000000000e-01  6.6552877874062744e-01  2.1347033522868357e+00  8.9846368414466982e-01
301   0.0000000000000000e+00  7.2603139498977554e-01  2.3287672934038199e+00  8.9846368414466993e-01
302   4.1666666666666671e-02  7.2603139498977554e-01  2.3287672934038199e+00  8.9846368414466993e-01
303   1.2500000000000000e-01  7.2603139498977554e-01  2.3287672934038204e+00  8.9846368414466993e-01
304   2.5000000000000000e-01  7.2603139498977554e-01  2.3287672934038199e+00  8.9846368414466993e-01
305   3.7500000000000006e-01  7.2603139498977554e-01  2.3287672934038208e+00  8.9846368414466982e-01
306   4.5833333333333331e-01  7.2603139498977554e-01  2.3287672934038199e+00  8.9846368414466993e-01
307   5.0000000000000000e-01  7.2603139498977554e-01  2.3287672934038199e+00  8.9846368414466993e-01
308   0.0000000000000000e+00  7.8653401123892341e-01  2.5228312345208050e+00  8.9846368414466982e-01
309   4.1666666666666671e-02  7.8653401123892341e-01  2.5228312345208050e+00  8.9846368414466982e-01
310   1.2500000000000000e-01  7.8653401123892352e-01  2.5228312345208050e+00  8.9846368414466982e-01
311   2.5000000000000000e-01  7.8653401123892341e-01  2.5228312345208050e+00  8.9846368414466982e-01
312   3.7500000000000006e-01  7.8653401123892341e-01  2.5228312345208050e+00  8.9846368414466982e-01
313   4.5833333333333337e-01  7.8653401123892341e-01  2.5228312345208050e+00  8.9846368414466982e-01
314   5.0000000000000000e-01  7.8653401123892341e-01  2.5228312345208050e+00  8.9846368414466982e-01
315   0.0000000000000000e+00  8.4703662748807140e-01  2.7168951756377901e+00  8.9846368414466982e-01
316   4.1666666666666671e-02  8.4703662748807140e-01  2.7168951756377901e+00  8.9846368414466982e-01
317   1.2500000000000000e-01  8.4703662748807140e-01  2.7168951756377901e+00  8.9846368414466982e-01
318   2.5000000000000000e-01  8.4703662748807140e-01  2.7168951756377901e+00  8.9846368414466982e-01
319   3.7500000000000000e-01  8.4703662748807140e-01  2.7168951756377901e+00  8.9846368414466982e-01
320   4.5833333333333337e-01  8.4703662748807140e-01  2.7168951756377901e+00  8.9846368414466982e-01
321   5.0000000000000000e-01  8.4703662748807140e-01  2.7168951756377901e+00  8.9846368414466982e-01
322   0.0000000000000000e+00  8.8737170498750340e-01  2.8462711363824473e+00  8.9846368414466982e-01
323   4.1666666666666671e-02  8.8737170498750340e-01  2.8462711363824473e+00  8.9846368414466982e-01
324   1.2500000000000000e-01  8.8737170498750340e-01  2.8462711363824473e+00  8.9846368414466982e-01
325   2.5000000000000000e-01  8.8737170498750340e-01  2.8462711363824473e+00  8.9846368414466982e-01
326   3.7500000000000000e-01  8.8737170498750340e-01  2.8462711363824473e+00  8.9846368414466982e-01
327   4.5833333333333337e-01  8.8737170498750340e-01  2.8462711363824473e+00  8.9846368414466982e-01
328   5.0000000000000000e-01  8.8737170498750340e-01  2.8462711363824473e+00  8.9846368414466982e-01
329   0.0000000000000000e+00  9.0753924373721939e-01  2.9109591167547757e+00  8.9846368414466982e-01
330   4.1666666666666671e-02  9.0753924373721939e-01  2.9109591167547757e+00  8.9846368414466982e-01
331   1.2500000000000000e-01  9.0753924373721950e-01  2.9109591167547757e+00  8.9846368414466982e-01
332   2.5000000000000000e-01  9.0753924373721939e-01  2.9109591167547757e+00  8.9846368414466982e-01
333   3.7500000000000000e-01  9.0753924373721939e-01  2.9109591167547757e+00  8.9846368414466982e-01
334   4.5833333333333337e-01  9.0753924373721939e-01  2.9109591167547757e+00  8.9846368414466982e-01
335   5.0000000000000000e-01  9.0753924373721939e-01  2.9109591167547757e+00  8.9846368414466982e-01
336   0.0000000000000000e+00  1.9622486599820638e-01  2.0000000000000000e+00  9.6094757082487303e-01
337   4.1666666666666671e-02  1.9622486599820638e-01  2.0000000000000000e+00  9.6094757082487303e-01
338   1.2500000000000000e-01  1.9622486599820638e-01  2.0000000000000000e+00  9.6094757082487303e-01
339   2.5000000000000000e-01  1.9622486599820640e-01  2.0000000000000000e+00  9.6094757082487303e-01
340   3.7500000000000000e-01  1.9622486599820638e-01  2.0000000000000000e+00  9.6094757082487303e-01
341   4.5833333333333337e-01  1.9622486599820638e-01  2.0000000000000000e+00  9.6094757082487303e-01
342   5.0000000000000000e-01  1.9622486599820638e-01  2.0000000000000000e+00  9.6094757082487303e-01
343   0.0000000000000000e+00  2.0276569486481327e-01  2.0666666666666664e+00  9.6094757082487303e-01
344   4.1666666666666671e-02  2.0276569486481327e-01  2.0666666666666664e+00  9.6094757082487303e-01
345   1.2500000000000000e-01  2.0276569486481327e-01  2.0666666666666669e+00  9.6094757082487303e-01
346   2.5000000000000000e-01  2.0276569486481330e-01  2.0666666666666664e+00  9.6094757082487303e-01
347   3.7500000000000000e-01  2.0276569486481327e-01  2.0666666666666669e+00  9.6094757082487303e-01
348   4.5833333333333337e-01  2.0276569486481327e-01  2.0666666666666664e+00  9.6094757082487303e-01
349   5.0000000000000000e-01  2.0276569486481327e-01  2.0666666666666664e+00  9.6094757082487303e-01
350   0.0000000000000000e+00  2.1584735259802704e-01  2.2000000000000002e+00  9.6094757082487303e-01
351   4.1666666666666671e-02  2.1584735259802704e-01  2.2000000000000002e+00  9.6094757082487303e-01
352   1.2500000000000000e-01  2.1584735259802704e-01  2.2000000000000002e+00  9.6094757082487303e-01
353   2.5000000000000000e-01  2.1584735259802704e-01  2.2000000000000002e+00  9.6094757082487303e-01
354   3.7500000000000006e-01  2.1584735259802704e-01  2.2000000000000002e+00  9.6094757082487303e-01
355   4.5833333333333343e-01  2.1584735259802704e-01  2.2000000000000002e+00  9.6094757082487303e-01
356   5.0000000000000000e-01  2.1584735259802704e-01  2.2000000000000002e+00  9.6094757082487303e-01
357   0.0000000000000000e+00  2.3546983919784770e-01  2.3999999999999999e+00  9.6094757082487303e-01
358   4.1666666666666678e-02  2.3546983919784770e-01  2.3999999999999999e+00  9.6094757082487303e-01
359   1.2500000000000000e-01  2.3546983919784770e-01  2.3999999999999999e+00  9.6094757082487303e-01
360   2.5000000000000000e-01  2.3546983919784770e-01  2.3999999999999999e+00  9.6094757082487303e-01
361   3.7500000000000000e-01  2.3546983919784770e-01  2.4000000000000004e+00  9.6094757082487303e-01
362   4.5833333333333337e-01  2.3546983919784770e-01  2.3999999999999999e+00  9.6094757082487303e-01
363   5.0000000000000000e-01  2.3546983919784770e-01  2.3999999999999999e+00  9.6094757082487303e-01
364   0.0000000000000000e+00  2.5509232579766827e-01  2.6000000000000001e+00  9.6094757082487303e-01
365   4.1666666666666671e-02  2.5509232579766827e-01  2.6000000000000001e+00  9.6094757082487303e-01
366   1.2500000000000000e-01  2.5509232579766833e-01  2.6000000000000001e+00  9.6094757082487303e-01
367   2.5000000000000000e-01  2.5509232579766827e-01  2.6000000000000001e+00  9.6094757082487303e-01
368   3.7500000000000000e-01  2.5509232579766827e-01  2.6000000000000001e+00  9.6094757082487303e-01
369   4.5833333333333337e-01  2.5509232579766827e-01  2.6000000000000001e+00  9.6094757082487303e-01
370   5.0000000000000000e-01  2.5509232579766827e-01  2.6000000000000001e+00  9.6094757082487303e-01
371   0.0000000000000000e+00  2.7471481239748896e-01  2.7999999999999994e+00  9.6094757082487303e-01
372   4.1666666666666671e-02  2.7471481239748896e-01  2.7999999999999994e+00  9.6094757082487303e-01
373   1.2500000000000000e-01  2.7471481239748896e-01  2.7999999999999994e+00  9.6094757082487303e-01
374   2.5000000000000000e-01  2.7471481239748896e-01  2.7999999999999994e+00  9.6094757082487303e-01
375   3.7500000000000000e-01  2.7471481239748896e-01  2.7999999999999994e+00  9.6094757082487303e-01
376   4.5833333333333337e-01  2.7471481239748896e-01  2.7999999999999994e+00  9.6094757082487303e-01
377   5.0000000000000000e-01  2.7471481239748896e-01  2.7999999999999994e+00  9.6094757082487303e-01
378   0.0000000000000000e+00  2.8779647013070275e-01  2.9333333333333336e+00  9.6094757082487303e-01
379   4.1666666666666671e-02  2.8779647013070275e-01  2.9333333333333336e+00  9.6094757082487303e-01
380   1.2500000000000000e-01  2.8779647013070275e-01  2.9333333333333336e+00  9.6094757082487303e-01
381   2.5000000000000000e-01  2.8779647013070275e-01  2.9333333333333336e+00  9.6094757082487303e-01
382   3.7500000000000000e-01  2.8779647013070275e-01  2.9333333333333336e+00  9.6094757082487303e-01
383   4.5833333333333337e-01  2.8779647013070275e-01  2.9333333333333336e+00  9.6094757082487303e-01
384   5.0000000000000000e-01  2.8779647013070275e-01  2.9333333333333336e+00  9.6094757082487303e-01
385   0.0000000000000000e+00  2.9433729899730954e-01  3.0000000000000000e+00  9.6094757082487303e-01
386   4.1666666666666671e-02  2.9433729899730954e-01  3.0000000000000000e+00  9.6094757082487303e-01
387   1.2500000000000000e-01  2.9433729899730959e-01  3.0000000000000000e+00  9.6094757082487303e-01
388   2.5000000000000000e-01  2.9433729899730954e-01  3.0000000000000000e+00  9.6094757082487303e-01
389   3.7500000000000000e-01  2.9433729899730954e-01  3.0000000000000000e+00  9.6094757082487303e-01
390   4.5833333333333337e-01  2.9433729899730954e-01  3.0000000000000000e+00  9.6094757082487303e-01
391   5.0000000000000000e-01  2.9433729899730954e-01  3.0000000000000000e+00  9.6094757082487303e-01
392   0.0000000000000000e+00  0.0000000000000000e+00  2.0000000000000000e+00  1.0000000000000000e+00
393   4.1666666666666671e-02  0.0000000000000000e+00  2.0000000000000000e+00  1.0000000000000000e+00
394   1.2500000000000000e-01  0.0000000000000000e+00  2.0000000000000000e+00  1.0000000000000000e+00
395   2.5000000000000000e-01  0.0000000000000000e+00  2.0000000000000000e+00  1.0000000000000000e+00
396   3.7500000000000000e-01  0.0000000000000000e+00  2.0000000000000000e+00  1.0000000000000000e+00
397   4.5833333333333337e-01  0.0000000000000000e+00  2.0000000000000000e+00  1.0000000000000000e+00
398   5.0000000000000000e-01  0.0000000000000000e+00  2.0000000000000000e+00  1.0000000000000000e+00
399   0.0000000000000000e+00  0.0000000000000000e+00  2.0666666666666669e+00  1.0000000000000000e+00
400   4.1666666666666671e-02  0.0000000000000000e+00  2.0666666666666669e+00  1.0000000000000000e+00
401   1.2500000000000000e-01  0.0000000000000000e+00  2.0666666666666669e+00  1.0000000000000000e+00
402   2.5000000000000000e-01  0.0000000000000000e+00  2.0666666666666669e+00  1.0000000000000000e+00
403   3.7500000000000006e-01  0.0000000000000000e+00  2.0666666666666669e+00  1.0000000000000000e+00
404   4.5833333333333337e-01  0.0000000000000000e+00  2.0666666666666669e+00  1.0000000000000000e+00
405   5.0000000000000000e-01  0.0000000000000000e+00  2.0666666666666669e+00  1.0000000000000000e+00
406   0.0000000000000000e+00  0.0000000000000000e+00  2.2000000000000002e+00  1.0000000000000000e+00
407   4.1666666666666671e-02  0.0000000000000000e+00  2.2000000000000002e+00  1.0000000000000000e+00
408   1.2500000000000000e-01  0.0000000000000000e+00  2.2000000000000002e+00  1.0000000000000000e+00
409   2.5000000000000000e-01  0.0000000000000000e+00  2.2000000000000002e+00  1.0000000000000000e+00
410   3.7500000000000006e-01  0.0000000000000000e+00  2.2000000000000002e+00  1.0000000000000000e+00
411   4.5833333333333343e-01  0.0000000000000000e+00  2.2000000000000002e+00  1.0000000000000000e+00
412   5.0000000000000000e-01  0.0000000000000000e+00  2.2000000000000002e+00  1.0000000000000000e+00
413   0.0000000000000000e+00  0.0000000000000000e+00  2.4000000000000004e+00  1.0000000000000000e+00
414   4.1666666666666678e-02  0.0000000000000000e+00  2.4000000000000004e+00  1.0000000000000000e+00
415   1.2500000000000000e-01  0.0000000000000000e+00  2.4000000000000004e+00  1.0000000000000000e+00
416   2.5000000000000000e-01  0.0000000000000000e+00  2.4000000000000004e+00  1.0000000000000000e+00
417   3.7500000000000006e-01  0.0000000000000000e+00  2.4000000000000004e+00  1.0000000000000000e+00
418   4.5833333333333337e-01  0.0000000000000000e+00  2.4000000000000004e+00  1.0000000000000000e+00
419   5.0000000000000000e-01  0.0000000000000000e+00  2.4000000000000004e+00  1.0000000000000000e+00
420   0.0000000000000000e+00  0.0000000000000000e+00  2.6000000000000001e+00  1.0000000000000000e+00
421   4.1666666666666671e-02  0.0000000000000000e+00  2.6000000000000001e+00  1.0000000000000000e+00
422   1.2500000000000000e-01  0.0000000000000000e+00  2.6000000000000001e+00  1.0000000000000000e+00
423   2.5000000000000000e-01  0.0000000000000000e+00  2.6000000000000001e+00  1.0000000000000000e+00
424   3.7500000000000000e-01  0.0000000000000000e+00  2.6000000000000001e+00  1.0000000000000000e+00
425   4.5833333333333337e-01  0.0000000000000000e+00  2.6000000000000001e+00  1.0000000000000000e+00
426   5.0000000000000000e-01  0.0000000000000000e+00  2.6000000000000001e+00  1.0000000000000000e+00
427   0.0000000000000000e+00  0.0000000000000000e+00  2.7999999999999998e+00  1.0000000000000000e+00
428   4.1666666666666671e-02  0.0000000000000000e+00  2.7999999999999998e+00  1.0000000000000000e+00
429   1.2500000000000000e-01  0.0000000000000000e+00  2.7999999999999998e+00  1.0000000000000000e+00
430   2.5000000000000000e-01  0.0000000000000000e+00  2.7999999999999998e+00  1.0000000000000000e+00
431   3.7500000000000000e-01  0.0000000000000000e+00  2.7999999999999998e+00  1.0000000000000000e+00
432   4.5833333333333337e-01  0.0000000000000000e+00  2.7999999999999998e+00  1.0000000000000000e+00
433   5.0000000000000000e-01  0.0000000000000000e+00  2.7999999999999998e+00  1.0000000000000000e+00
434   0.0000000000000000e+00  0.0000000000000000e+00  2.9333333333333336e+00  1.0000000000000000e+00
435   4.1666666666666671e-02  0.0000000000000000e+00  2.9333333333333336e+00  1.0000000000000000e+00
436   1.2500000000000000e-01  0.0000000000000000e+00  2.9333333333333336e+00  1.0000000000000000e+00
437   2.5000000000000000e-01  0.0000000000000000e+00  2.9333333333333336e+00  1.0000000000000000e+00
438   3.7500000000000000e-01  0.0000000000000000e+00  2.9333333333333336e+00  1.0000000000000000e+00
439   4.5833333333333337e-01  0.0000000000000000e+00  2.9333333333333336e+00  1.0000000000000000e+00
440   5.0000000000000000e-01  0.0000000000000000e+00  2.9333333333333336e+00  1.0000000000000000e+00
441   0.0000000000000000e+00  0.0000000000000000e+00  3.0000000000000000e+00  1.0000000000000000e+00
442   4.1666666666666671e-02  0.0000000000000000e+00  3.0000000000000000e+00  1.0000000000000000e+00
443   1.2500000000000000e-01  0.0000000000000000e+00  3.0000000000000000e+00  1.0000000000000000e+00
444   2.5000000000000000e-01  0.0000000000000000e+00  3.0000000000000000e+00  1.0000000000000000e+00
445   3.7500000000000000e-01  0.0000000000000000e+00  3.0000000000000000e+00  1.0000000000000000e+00
446   4.5833333333333337e-01  0.0000000000000000e+00  3.0000000000000000e+00  1.0000000000000000e+00
447   5.0000000000000000e-01  0.0000000000000000e+00  3.0000000000000000e+00  1.0000000000000000e+00


