3

10000  3.000000e-01

1

240

3     3     3

12    10    9

8     6     5

0    1    2    3    4    5    6    7    8    9    10   11   12   13   14   15   16   17   18   19   20   21   22   23   24   25   26   27   28   29   30   31   32   33   34   35   36   37   38   39   40   41   42   43   44   45   46   47   48   49   50   51   52   53   54   55   56   57   58   59   60   61   62   63   64   65   66   67   68   69   70   71   72   73   74   75   76   77   78   79   80   81   82   83   84   85   86   87   88   89   90   91   92   93   94   95   96   97   98   99   100  101  102  103  104  105  106  107  108  109  110  111  112  113  114  115  116  117  118  119  120  121  122  123  124  125  126  127  128  129  130  131  132  133  134  135  136  137  138  139  140  141  142  143  144  145  146  147  148  149  150  151  152  153  154  155  156  157  158  159  160  161  162  163  164  165  166  167  168  169  170  171  172  173  174  175  176  177  178  179  180  181  182  183  184  185  186  187  188  189  190  191  192  193  194  195  196  197  198  199  200  201  202  203  204  205  206  207  208  209  210  211  212  213  214  215  216  217  218  219  220  221  222  223  224  225  226  227  228  229  230  231  232  233  234  235  236  237  238  239

90    0     0

0.0000000000000000e+00  0.0000000000000000e+00  0.0000000000000000e+00  0.0000000000000000e+00  2.0000000000000001e-01  4.0000000000000002e-01  5.9999999999999998e-01  8.0000000000000004e-01  1.0000000000000000e+00  1.0000000000000000e+00  1.0000000000000000e+00  1.0000000000000000e+00
0.0000000000000000e+00  0.0000000000000000e+00  0.0000000000000000e+00  0.0000000000000000e+00  3.3333333333333331e-01  6.6666666666666663e-01  1.0000000000000000e+00  1.0000000000000000e+00  1.0000000000000000e+00  1.0000000000000000e+00
0.0000000000000000e+00  0.0000000000000000e+00  0.0000000000000000e+00  0.0000000000000000e+00  5.0000000000000000e-01  1.0000000000000000e+00  1.0000000000000000e+00  1.0000000000000000e+00  1.0000000000000000e+00

0    -5.0000000000000000e-01  0.0000000000000000e+00 -5.0000000000000000e+00  1.0000000000000000e+00
1    -5.0000000000000000e-01  1.3333333333333336e+01 -5.0000000000000000e+00  1.0000000000000000e+00
2    -5.0000000000000000e-01  4.0000000000000007e+01 -5.0000000000000000e+00  1.0000000000000000e+00
3    -5.0000000000000000e-01  8.0000000000000000e+01 -5.0000000000000009e+00  1.0000000000000000e+00
4    -5.0000000000000000e-01  1.2000000000000000e+02 -5.0000000000000000e+00  1.0000000000000000e+00
5    -5.0000000000000000e-01  1.6000000000000000e+02 -5.0000000000000000e+00  1.0000000000000000e+00
6    -5.0000000000000000e-01  1.8666666666666666e+02 -5.0000000000000000e+00  1.0000000000000000e+00
7    -5.0000000000000000e-01  2.0000000000000000e+02 -5.0000000000000000e+00  1.0000000000000000e+00
8    -5.0000000000000000e-01  0.0000000000000000e+00 -3.8888888888888893e+00  1.0000000000000000e+00
9    -5.0000000000000000e-01  1.3333333333333336e+01 -3.8888888888888893e+00  1.0000000000000000e+00
10   -5.0000000000000000e-01  4.0000000000000014e+01 -3.8888888888888893e+00  1.0000000000000000e+00
11   -5.0000000000000000e-01  8.0000000000000000e+01 -3.8888888888888902e+00  1.0000000000000000e+00
12   -5.0000000000000000e-01  1.2000000000000001e+02 -3.8888888888888893e+00  1.0000000000000000e+00
13   -5.0000000000000000e-01  1.6000000000000000e+02 -3.8888888888888893e+00  1.0000000000000000e+00
14   -5.0000000000000000e-01  1.8666666666666669e+02 -3.8888888888888893e+00  1.0000000000000000e+00
15   -5.0000000000000000e-01  2.0000000000000000e+02 -3.8888888888888893e+00  1.0000000000000000e+00
16   -5.0000000000000000e-01  0.0000000000000000e+00 -1.6666666666666667e+00  1.0000000000000000e+00
17   -5.0000000000000000e-01  1.3333333333333337e+01 -1.6666666666666667e+00  1.0000000000000000e+00
18   -5.0000000000000000e-01  4.0000000000000014e+01 -1.6666666666666667e+00  1.0000000000000000e+00
19   -5.0000000000000000e-01  8.0000000000000000e+01 -1.6666666666666672e+00  1.0000000000000000e+00
20   -5.0000000000000000e-01  1.2000000000000000e+02 -1.6666666666666667e+00  1.0000000000000000e+00
21   -5.0000000000000000e-01  1.6000000000000000e+02 -1.6666666666666667e+00  1.0000000000000000e+00
22   -5.0000000000000000e-01  1.8666666666666666e+02 -1.6666666666666667e+00  1.0000000000000000e+00
23   -5.0000000000000000e-01  2.0000000000000000e+02 -1.6666666666666667e+00  1.0000000000000000e+00
24   -5.0000000000000000e-01  0.0000000000000000e+00  1.6666666666666670e+00  1.0000000000000000e+00
25   -5.0000000000000000e-01  1.3333333333333337e+01  1.6666666666666670e+00  1.0000000000000000e+00
26   -5.0000000000000000e-01  4.0000000000000014e+01  1.6666666666666670e+00  1.0000000000000000e+00
27   -5.0000000000000000e-01  8.0000000000000000e+01  1.6666666666666670e+00  1.0000000000000000e+00
28   -5.0000000000000000e-01  1.2000000000000000e+02  1.6666666666666670e+00  1.0000000000000000e+00
29   -5.0000000000000000e-01  1.6000000000000000e+02  1.6666666666666670e+00  1.0000000000000000e+00
30   -5.0000000000000000e-01  1.8666666666666666e+02  1.6666666666666670e+00  1.0000000000000000e+00
31   -5.0000000000000000e-01  2.0000000000000000e+02  1.6666666666666670e+00  1.0000000000000000e+00
32   -5.0000000000000000e-01  0.0000000000000000e+00  3.8888888888888888e+00  1.0000000000000000e+00
33   -5.0000000000000000e-01  1.3333333333333336e+01  3.8888888888888888e+00  1.0000000000000000e+00
34   -5.0000000000000000e-01  4.0000000000000007e+01  3.8888888888888888e+00  1.0000000000000000e+00
35   -5.0000000000000000e-01  8.0000000000000000e+01  3.8888888888888897e+00  1.0000000000000000e+00
36   -5.0000000000000000e-01  1.2000000000000000e+02  3.8888888888888888e+00  1.0000000000000000e+00
37   -5.0000000000000000e-01  1.6000000000000000e+02  3.8888888888888888e+00  1.0000000000000000e+00
38   -5.0000000000000000e-01  1.8666666666666666e+02  3.8888888888888888e+00  1.0000000000000000e+00
39   -5.0000000000000000e-01  2.0000000000000000e+02  3.8888888888888888e+00  1.0000000000000000e+00
40   -5.0000000000000000e-01  0.0000000000000000e+00  5.0000000000000000e+00  1.0000000000000000e+00
41   -5.0000000000000000e-01  1.3333333333333336e+01  5.0000000000000000e+00  1.0000000000000000e+00
42   -5.0000000000000000e-01  4.0000000000000007e+01  5.0000000000000000e+00  1.0000000000000000e+00
43   -5.0000000000000000e-01  8.0000000000000000e+01  5.0000000000000009e+00  1.0000000000000000e+00
44   -5.0000000000000000e-01  1.2000000000000000e+02  5.0000000000000000e+00  1.0000000000000000e+00
45   -5.0000000000000000e-01  1.6000000000000000e+02  5.0000000000000000e+00  1.0000000000000000e+00
46   -5.0000000000000000e-01  1.8666666666666666e+02  5.0000000000000000e+00  1.0000000000000000e+00
47   -5.0000000000000000e-01  2.0000000000000000e+02  5.0000000000000000e+00  1.0000000000000000e+00
48   -3.3333333333333331e-01  0.0000000000000000e+00 -5.0000000000000000e+00  1.0000000000000000e+00
49   -3.3333333333333331e-01  1.3333333333333336e+01 -5.0000000000000000e+00  1.0000000000000000e+00
50   -3.3333333333333331e-01  4.0000000000000007e+01 -5.0000000000000000e+00  1.0000000000000000e+00
51   -3.3333333333333337e-01  8.0000000000000000e+01 -5.0000000000000009e+00  1.0000000000000000e+00
52   -3.3333333333333331e-01  1.2000000000000000e+02 -5.0000000000000000e+00  1.0000000000000000e+00
53   -3.3333333333333331e-01  1.6000000000000000e+02 -5.0000000000000000e+00  1.0000000000000000e+00
54   -3.3333333333333331e-01  1.8666666666666666e+02 -5.0000000000000000e+00  1.0000000000000000e+00
55   -3.3333333333333331e-01  2.0000000000000000e+02 -5.0000000000000000e+00  1.0000000000000000e+00
56   -3.3333333333333337e-01  0.0000000000000000e+00 -3.8888888888888893e+00  1.0000000000000000e+00
57   -3.3333333333333337e-01  1.3333333333333336e+01 -3.8888888888888893e+00  1.0000000000000000e+00
58   -3.3333333333333337e-01  4.0000000000000014e+01 -3.8888888888888893e+00  1.0000000000000000e+00
59   -3.3333333333333337e-01  8.0000000000000000e+01 -3.8888888888888902e+00  1.0000000000000000e+00
60   -3.3333333333333337e-01  1.2000000000000001e+02 -3.8888888888888893e+00  1.0000000000000000e+00
61   -3.3333333333333337e-01  1.6000000000000000e+02 -3.8888888888888893e+00  1.0000000000000000e+00
62   -3.3333333333333337e-01  1.8666666666666669e+02 -3.8888888888888893e+00  1.0000000000000000e+00
63   -3.3333333333333337e-01  2.0000000000000000e+02 -3.8888888888888893e+00  1.0000000000000000e+00
64   -3.3333333333333331e-01  0.0000000000000000e+00 -1.6666666666666667e+00  1.0000000000000000e+00
65   -3.3333333333333331e-01  1.3333333333333337e+01 -1.6666666666666667e+00  1.0000000000000000e+00
66   -3.3333333333333331e-01  4.0000000000000014e+01 -1.6666666666666667e+00  1.0000000000000000e+00
67   -3.3333333333333337e-01  8.0000000000000000e+01 -1.6666666666666672e+00  1.0000000000000000e+00
68   -3.3333333333333331e-01  1.2000000000000000e+02 -1.6666666666666667e+00  1.0000000000000000e+00
69   -3.3333333333333331e-01  1.6000000000000000e+02 -1.6666666666666667e+00  1.0000000000000000e+00
70   -3.3333333333333331e-01  1.8666666666666666e+02 -1.6666666666666667e+00  1.0000000000000000e+00
71   -3.3333333333333331e-01  2.0000000000000000e+02 -1.6666666666666667e+00  1.0000000000000000e+00
72   -3.3333333333333331e-01  0.0000000000000000e+00  1.6666666666666670e+00  1.0000000000000000e+00
73   -3.3333333333333331e-01  1.3333333333333337e+01  1.6666666666666670e+00  1.0000000000000000e+00
74   -3.3333333333333331e-01  4.0000000000000014e+01  1.6666666666666670e+00  1.0000000000000000e+00
75   -3.3333333333333337e-01  8.0000000000000000e+01  1.6666666666666670e+00  1.0000000000000000e+00
76   -3.3333333333333331e-01  1.2000000000000000e+02  1.6666666666666670e+00  1.0000000000000000e+00
77   -3.3333333333333331e-01  1.6000000000000000e+02  1.6666666666666670e+00  1.0000000000000000e+00
78   -3.3333333333333331e-01  1.8666666666666666e+02  1.6666666666666670e+00  1.0000000000000000e+00
79   -3.3333333333333331e-01  2.0000000000000000e+02  1.6666666666666670e+00  1.0000000000000000e+00
80   -3.3333333333333331e-01  0.0000000000000000e+00  3.8888888888888888e+00  1.0000000000000000e+00
81   -3.3333333333333331e-01  1.3333333333333336e+01  3.8888888888888888e+00  1.0000000000000000e+00
82   -3.3333333333333331e-01  4.0000000000000007e+01  3.8888888888888888e+00  1.0000000000000000e+00
83   -3.3333333333333337e-01  8.0000000000000000e+01  3.8888888888888897e+00  1.0000000000000000e+00
84   -3.3333333333333331e-01  1.2000000000000000e+02  3.8888888888888888e+00  1.0000000000000000e+00
85   -3.3333333333333331e-01  1.6000000000000000e+02  3.8888888888888888e+00  1.0000000000000000e+00
86   -3.3333333333333331e-01  1.8666666666666666e+02  3.8888888888888888e+00  1.0000000000000000e+00
87   -3.3333333333333331e-01  2.0000000000000000e+02  3.8888888888888888e+00  1.0000000000000000e+00
88   -3.3333333333333331e-01  0.0000000000000000e+00  5.0000000000000000e+00  1.0000000000000000e+00
89   -3.3333333333333331e-01  1.3333333333333336e+01  5.0000000000000000e+00  1.0000000000000000e+00
90   -3.3333333333333331e-01  4.0000000000000007e+01  5.0000000000000000e+00  1.0000000000000000e+00
91   -3.3333333333333337e-01  8.0000000000000000e+01  5.0000000000000009e+00  1.0000000000000000e+00
92   -3.3333333333333331e-01  1.2000000000000000e+02  5.0000000000000000e+00  1.0000000000000000e+00
93   -3.3333333333333331e-01  1.6000000000000000e+02  5.0000000000000000e+00  1.0000000000000000e+00
94   -3.3333333333333331e-01  1.8666666666666666e+02  5.0000000000000000e+00  1.0000000000000000e+00
95   -3.3333333333333331e-01  2.0000000000000000e+02  5.0000000000000000e+00  1.0000000000000000e+00
96    1.3877787807814457e-17  0.0000000000000000e+00 -5.0000000000000000e+00  1.0000000000000000e+00
97    1.3877787807814457e-17  1.3333333333333336e+01 -5.0000000000000000e+00  1.0000000000000000e+00
98    1.3877787807814457e-17  4.0000000000000007e+01 -5.0000000000000000e+00  1.0000000000000000e+00
99    1.3877787807814457e-17  8.0000000000000000e+01 -5.0000000000000009e+00  1.0000000000000000e+00
100   1.3877787807814457e-17  1.2000000000000000e+02 -5.0000000000000000e+00  1.0000000000000000e+00
101   1.3877787807814457e-17  1.6000000000000000e+02 -5.0000000000000000e+00  1.0000000000000000e+00
102   1.3877787807814457e-17  1.8666666666666666e+02 -5.0000000000000000e+00  1.0000000000000000e+00
103   1.3877787807814457e-17  2.0000000000000000e+02 -5.0000000000000000e+00  1.0000000000000000e+00
104   0.0000000000000000e+00  0.0000000000000000e+00 -3.8888888888888893e+00  1.0000000000000000e+00
105   0.0000000000000000e+00  1.3333333333333336e+01 -3.8888888888888893e+00  1.0000000000000000e+00
106   0.0000000000000000e+00  4.0000000000000014e+01 -3.8888888888888893e+00  1.0000000000000000e+00
107   2.7755575615628914e-17  8.0000000000000000e+01 -3.8888888888888902e+00  1.0000000000000000e+00
108   0.0000000000000000e+00  1.2000000000000001e+02 -3.8888888888888893e+00  1.0000000000000000e+00
109   0.0000000000000000e+00  1.6000000000000000e+02 -3.8888888888888893e+00  1.0000000000000000e+00
110   0.0000000000000000e+00  1.8666666666666669e+02 -3.8888888888888893e+00  1.0000000000000000e+00
111   0.0000000000000000e+00  2.0000000000000000e+02 -3.8888888888888893e+00  1.0000000000000000e+00
112   1.3877787807814457e-17  0.0000000000000000e+00 -1.6666666666666667e+00  1.0000000000000000e+00
113   1.3877787807814457e-17  1.3333333333333337e+01 -1.6666666666666667e+00  1.0000000000000000e+00
114   1.3877787807814457e-17  4.0000000000000014e+01 -1.6666666666666667e+00  1.0000000000000000e+00
115   1.3877787807814457e-17  8.0000000000000000e+01 -1.6666666666666672e+00  1.0000000000000000e+00
116   1.3877787807814457e-17  1.2000000000000000e+02 -1.6666666666666667e+00  1.0000000000000000e+00
117   1.3877787807814457e-17  1.6000000000000000e+02 -1.6666666666666667e+00  1.0000000000000000e+00
118   1.3877787807814457e-17  1.8666666666666666e+02 -1.6666666666666667e+00  1.0000000000000000e+00
119   1.3877787807814457e-17  2.0000000000000000e+02 -1.6666666666666667e+00  1.0000000000000000e+00
120   1.3877787807814457e-17  0.0000000000000000e+00  1.6666666666666670e+00  1.0000000000000000e+00
121   1.3877787807814457e-17  1.3333333333333337e+01  1.6666666666666670e+00  1.0000000000000000e+00
122   1.3877787807814457e-17  4.0000000000000014e+01  1.6666666666666670e+00  1.0000000000000000e+00
123   1.3877787807814457e-17  8.0000000000000000e+01  1.6666666666666670e+00  1.0000000000000000e+00
124   1.3877787807814457e-17  1.2000000000000000e+02  1.6666666666666670e+00  1.0000000000000000e+00
125   1.3877787807814457e-17  1.6000000000000000e+02  1.6666666666666670e+00  1.0000000000000000e+00
126   1.3877787807814457e-17  1.8666666666666666e+02  1.6666666666666670e+00  1.0000000000000000e+00
127   1.3877787807814457e-17  2.0000000000000000e+02  1.6666666666666670e+00  1.0000000000000000e+00
128   1.3877787807814457e-17  0.0000000000000000e+00  3.8888888888888888e+00  1.0000000000000000e+00
129   1.3877787807814457e-17  1.3333333333333336e+01  3.8888888888888888e+00  1.0000000000000000e+00
130   1.3877787807814457e-17  4.0000000000000007e+01  3.8888888888888888e+00  1.0000000000000000e+00
131   1.3877787807814457e-17  8.0000000000000000e+01  3.8888888888888897e+00  1.0000000000000000e+00
132   1.3877787807814457e-17  1.2000000000000000e+02  3.8888888888888888e+00  1.0000000000000000e+00
133   1.3877787807814457e-17  1.6000000000000000e+02  3.8888888888888888e+00  1.0000000000000000e+00
134   1.3877787807814457e-17  1.8666666666666666e+02  3.8888888888888888e+00  1.0000000000000000e+00
135   1.3877787807814457e-17  2.0000000000000000e+02  3.8888888888888888e+00  1.0000000000000000e+00
136   1.3877787807814457e-17  0.0000000000000000e+00  5.0000000000000000e+00  1.0000000000000000e+00
137   1.3877787807814457e-17  1.3333333333333336e+01  5.0000000000000000e+00  1.0000000000000000e+00
138   1.3877787807814457e-17  4.0000000000000007e+01  5.0000000000000000e+00  1.0000000000000000e+00
139   1.3877787807814457e-17  8.0000000000000000e+01  5.0000000000000009e+00  1.0000000000000000e+00
140   1.3877787807814457e-17  1.2000000000000000e+02  5.0000000000000000e+00  1.0000000000000000e+00
141   1.3877787807814457e-17  1.6000000000000000e+02  5.0000000000000000e+00  1.0000000000000000e+00
142   1.3877787807814457e-17  1.8666666666666666e+02  5.0000000000000000e+00  1.0000000000000000e+00
143   1.3877787807814457e-17  2.0000000000000000e+02  5.0000000000000000e+00  1.0000000000000000e+00
144   3.3333333333333337e-01  0.0000000000000000e+00 -5.0000000000000000e+00  1.0000000000000000e+00
145   3.3333333333333337e-01  1.3333333333333336e+01 -5.0000000000000000e+00  1.0000000000000000e+00
146   3.3333333333333337e-01  4.0000000000000007e+01 -5.0000000000000000e+00  1.0000000000000000e+00
147   3.3333333333333337e-01  8.0000000000000000e+01 -5.0000000000000009e+00  1.0000000000000000e+00
148   3.3333333333333337e-01  1.2000000000000000e+02 -5.0000000000000000e+00  1.0000000000000000e+00
149   3.3333333333333337e-01  1.6000000000000000e+02 -5.0000000000000000e+00  1.0000000000000000e+00
150   3.3333333333333337e-01  1.8666666666666666e+02 -5.0000000000000000e+00  1.0000000000000000e+00
151   3.3333333333333337e-01  2.0000000000000000e+02 -5.0000000000000000e+00  1.0000000000000000e+00
152   3.3333333333333337e-01  0.0000000000000000e+00 -3.8888888888888893e+00  1.0000000000000000e+00
153   3.3333333333333337e-01  1.3333333333333336e+01 -3.8888888888888893e+00  1.0000000000000000e+00
154   3.3333333333333337e-01  4.0000000000000014e+01 -3.8888888888888893e+00  1.0000000000000000e+00
155   3.3333333333333337e-01  8.0000000000000000e+01 -3.8888888888888902e+00  1.0000000000000000e+00
156   3.3333333333333337e-01  1.2000000000000001e+02 -3.8888888888888893e+00  1.0000000000000000e+00
157   3.3333333333333337e-01  1.6000000000000000e+02 -3.8888888888888893e+00  1.0000000000000000e+00
158   3.3333333333333337e-01  1.8666666666666669e+02 -3.8888888888888893e+00  1.0000000000000000e+00
159   3.3333333333333337e-01  2.0000000000000000e+02 -3.8888888888888893e+00  1.0000000000000000e+00
160   3.3333333333333337e-01  0.0000000000000000e+00 -1.6666666666666667e+00  1.0000000000000000e+00
161   3.3333333333333337e-01  1.3333333333333337e+01 -1.6666666666666667e+00  1.0000000000000000e+00
162   3.3333333333333337e-01  4.0000000000000014e+01 -1.6666666666666667e+00  1.0000000000000000e+00
163   3.3333333333333337e-01  8.0000000000000000e+01 -1.6666666666666672e+00  1.0000000000000000e+00
164   3.3333333333333337e-01  1.2000000000000000e+02 -1.6666666666666667e+00  1.0000000000000000e+00
165   3.3333333333333337e-01  1.6000000000000000e+02 -1.6666666666666667e+00  1.0000000000000000e+00
166   3.3333333333333337e-01  1.8666666666666666e+02 -1.6666666666666667e+00  1.0000000000000000e+00
167   3.3333333333333337e-01  2.0000000000000000e+02 -1.6666666666666667e+00  1.0000000000000000e+00
168   3.3333333333333337e-01  0.0000000000000000e+00  1.6666666666666670e+00  1.0000000000000000e+00
169   3.3333333333333337e-01  1.3333333333333337e+01  1.6666666666666670e+00  1.0000000000000000e+00
170   3.3333333333333337e-01  4.0000000000000014e+01  1.6666666666666670e+00  1.0000000000000000e+00
171   3.3333333333333337e-01  8.0000000000000000e+01  1.6666666666666670e+00  1.0000000000000000e+00
172   3.3333333333333337e-01  1.2000000000000000e+02  1.6666666666666670e+00  1.0000000000000000e+00
173   3.3333333333333337e-01  1.6000000000000000e+02  1.6666666666666670e+00  1.0000000000000000e+00
174   3.3333333333333337e-01  1.8666666666666666e+02  1.6666666666666670e+00  1.0000000000000000e+00
175   3.3333333333333337e-01  2.0000000000000000e+02  1.6666666666666670e+00  1.0000000000000000e+00
176   3.3333333333333337e-01  0.0000000000000000e+00  3.8888888888888888e+00  1.0000000000000000e+00
177   3.3333333333333337e-01  1.3333333333333336e+01  3.8888888888888888e+00  1.0000000000000000e+00
178   3.3333333333333337e-01  4.0000000000000007e+01  3.8888888888888888e+00  1.0000000000000000e+00
179   3.3333333333333337e-01  8.0000000000000000e+01  3.8888888888888897e+00  1.0000000000000000e+00
180   3.3333333333333337e-01  1.2000000000000000e+02  3.8888888888888888e+00  1.0000000000000000e+00
181   3.3333333333333337e-01  1.6000000000000000e+02  3.8888888888888888e+00  1.0000000000000000e+00
182   3.3333333333333337e-01  1.8666666666666666e+02  3.8888888888888888e+00  1.0000000000000000e+00
183   3.3333333333333337e-01  2.0000000000000000e+02  3.8888888888888888e+00  1.0000000000000000e+00
184   3.3333333333333337e-01  0.0000000000000000e+00  5.0000000000000000e+00  1.0000000000000000e+00
185   3.3333333333333337e-01  1.3333333333333336e+01  5.0000000000000000e+00  1.0000000000000000e+00
186   3.3333333333333337e-01  4.0000000000000007e+01  5.0000000000000000e+00  1.0000000000000000e+00
187   3.3333333333333337e-01  8.0000000000000000e+01  5.0000000000000009e+00  1.0000000000000000e+00
188   3.3333333333333337e-01  1.2000000000000000e+02  5.0000000000000000e+00  1.0000000000000000e+00
189   3.3333333333333337e-01  1.6000000000000000e+02  5.0000000000000000e+00  1.0000000000000000e+00
190   3.3333333333333337e-01  1.8666666666666666e+02  5.0000000000000000e+00  1.0000000000000000e+00
191   3.3333333333333337e-01  2.0000000000000000e+02  5.0000000000000000e+00  1.0000000000000000e+00
192   5.0000000000000000e-01  0.0000000000000000e+00 -5.0000000000000000e+00  1.0000000000000000e+00
193   5.0000000000000000e-01  1.3333333333333336e+01 -5.0000000000000000e+00  1.0000000000000000e+00
194   5.0000000000000000e-01  4.0000000000000007e+01 -5.0000000000000000e+00  1.0000000000000000e+00
195   5.0000000000000000e-01  8.0000000000000000e+01 -5.0000000000000009e+00  1.0000000000000000e+00
196   5.0000000000000000e-01  1.2000000000000000e+02 -5.0000000000000000e+00  1.0000000000000000e+00
197   5.0000000000000000e-01  1.6000000000000000e+02 -5.0000000000000000e+00  1.0000000000000000e+00
198   5.0000000000000000e-01  1.8666666666666666e+02 -5.0000000000000000e+00  1.0000000000000000e+00
199   5.0000000000000000e-01  2.0000000000000000e+02 -5.0000000000000000e+00  1.0000000000000000e+00
200   5.0000000000000000e-01  0.0000000000000000e+00 -3.8888888888888893e+00  1.0000000000000000e+00
201   5.0000000000000000e-01  1.3333333333333336e+01 -3.8888888888888893e+00  1.0000000000000000e+00
202   5.0000000000000000e-01  4.0000000000000014e+01 -3.8888888888888893e+00  1.0000000000000000e+00
203   5.0000000000000000e-01  8.0000000000000000e+01 -3.8888888888888902e+00  1.0000000000000000e+00
204   5.0000000000000000e-01  1.2000000000000001e+02 -3.8888888888888893e+00  1.0000000000000000e+00
205   5.0000000000000000e-01  1.6000000000000000e+02 -3.8888888888888893e+00  1.0000000000000000e+00
206   5.0000000000000000e-01  1.8666666666666669e+02 -3.8888888888888893e+00  1.0000000000000000e+00
207   5.0000000000000000e-01  2.0000000000000000e+02 -3.8888888888888893e+00  1.0000000000000000e+00
208   5.0000000000000000e-01  0.0000000000000000e+00 -1.6666666666666667e+00  1.0000000000000000e+00
209   5.0000000000000000e-01  1.3333333333333337e+01 -1.6666666666666667e+00  1.0000000000000000e+00
210   5.0000000000000000e-01  4.0000000000000014e+01 -1.6666666666666667e+00  1.0000000000000000e+00
211   5.0000000000000000e-01  8.0000000000000000e+01 -1.6666666666666672e+00  1.0000000000000000e+00
212   5.0000000000000000e-01  1.2000000000000000e+02 -1.6666666666666667e+00  1.0000000000000000e+00
213   5.0000000000000000e-01  1.6000000000000000e+02 -1.6666666666666667e+00  1.0000000000000000e+00
214   5.0000000000000000e-01  1.8666666666666666e+02 -1.6666666666666667e+00  1.0000000000000000e+00
215   5.0000000000000000e-01  2.0000000000000000e+02 -1.6666666666666667e+00  1.0000000000000000e+00
216   5.0000000000000000e-01  0.0000000000000000e+00  1.6666666666666670e+00  1.0000000000000000e+00
217   5.0000000000000000e-01  1.3333333333333337e+01  1.6666666666666670e+00  1.0000000000000000e+00
218   5.0000000000000000e-01  4.0000000000000014e+01  1.6666666666666670e+00  1.0000000000000000e+00
219   5.0000000000000000e-01  8.0000000000000000e+01  1.6666666666666670e+00  1.0000000000000000e+00
220   5.0000000000000000e-01  1.2000000000000000e+02  1.6666666666666670e+00  1.0000000000000000e+00
221   5.0000000000000000e-01  1.6000000000000000e+02  1.6666666666666670e+00  1.0000000000000000e+00
222   5.0000000000000000e-01  1.8666666666666666e+02  1.6666666666666670e+00  1.0000000000000000e+00
223   5.0000000000000000e-01  2.0000000000000000e+02  1.6666666666666670e+00  1.0000000000000000e+00
224   5.0000000000000000e-01  0.0000000000000000e+00  3.8888888888888888e+00  1.0000000000000000e+00
225   5.0000000000000000e-01  1.3333333333333336e+01  3.8888888888888888e+00  1.0000000000000000e+00
226   5.0000000000000000e-01  4.0000000000000007e+01  3.8888888888888888e+00  1.0000000000000000e+00
227   5.0000000000000000e-01  8.0000000000000000e+01  3.8888888888888897e+00  1.0000000000000000e+00
228   5.0000000000000000e-01  1.2000000000000000e+02  3.8888888888888888e+00  1.0000000000000000e+00
229   5.0000000000000000e-01  1.6000000000000000e+02  3.8888888888888888e+00  1.0000000000000000e+00
230   5.0000000000000000e-01  1.8666666666666666e+02  3.8888888888888888e+00  1.0000000000000000e+00
231   5.0000000000000000e-01  2.0000000000000000e+02  3.8888888888888888e+00  1.0000000000000000e+00
232   5.0000000000000000e-01  0.0000000000000000e+00  5.0000000000000000e+00  1.0000000000000000e+00
233   5.0000000000000000e-01  1.3333333333333336e+01  5.0000000000000000e+00  1.0000000000000000e+00
234   5.0000000000000000e-01  4.0000000000000007e+01  5.0000000000000000e+00  1.0000000000000000e+00
235   5.0000000000000000e-01  8.0000000000000000e+01  5.0000000000000009e+00  1.0000000000000000e+00
236   5.0000000000000000e-01  1.2000000000000000e+02  5.0000000000000000e+00  1.0000000000000000e+00
237   5.0000000000000000e-01  1.6000000000000000e+02  5.0000000000000000e+00  1.0000000000000000e+00
238   5.0000000000000000e-01  1.8666666666666666e+02  5.0000000000000000e+00  1.0000000000000000e+00
239   5.0000000000000000e-01  2.0000000000000000e+02  5.0000000000000000e+00  1.0000000000000000e+00

0    0    0.000000e+00
8    0    0.000000e+00
16   0    0.000000e+00
24   0    0.000000e+00
32   0    0.000000e+00
40   0    0.000000e+00
48   0    0.000000e+00
56   0    0.000000e+00
64   0    0.000000e+00
72   0    0.000000e+00
80   0    0.000000e+00
88   0    0.000000e+00
96   0    0.000000e+00
104  0    0.000000e+00
112  0    0.000000e+00
120  0    0.000000e+00
128  0    0.000000e+00
136  0    0.000000e+00
144  0    0.000000e+00
152  0    0.000000e+00
160  0    0.000000e+00
168  0    0.000000e+00
176  0    0.000000e+00
184  0    0.000000e+00
192  0    0.000000e+00
200  0    0.000000e+00
208  0    0.000000e+00
216  0    0.000000e+00
224  0    0.000000e+00
232  0    0.000000e+00
0    1    0.000000e+00
8    1    0.000000e+00
16   1    0.000000e+00
24   1    0.000000e+00
32   1    0.000000e+00
40   1    0.000000e+00
48   1    0.000000e+00
56   1    0.000000e+00
64   1    0.000000e+00
72   1    0.000000e+00
80   1    0.000000e+00
88   1    0.000000e+00
96   1    0.000000e+00
104  1    0.000000e+00
112  1    0.000000e+00
120  1    0.000000e+00
128  1    0.000000e+00
136  1    0.000000e+00
144  1    0.000000e+00
152  1    0.000000e+00
160  1    0.000000e+00
168  1    0.000000e+00
176  1    0.000000e+00
184  1    0.000000e+00
192  1    0.000000e+00
200  1    0.000000e+00
208  1    0.000000e+00
216  1    0.000000e+00
224  1    0.000000e+00
232  1    0.000000e+00
0    2    0.000000e+00
8    2    0.000000e+00
16   2    0.000000e+00
24   2    0.000000e+00
32   2    0.000000e+00
40   2    0.000000e+00
48   2    0.000000e+00
56   2    0.000000e+00
64   2    0.000000e+00
72   2    0.000000e+00
80   2    0.000000e+00
88   2    0.000000e+00
96   2    0.000000e+00
104  2    0.000000e+00
112  2    0.000000e+00
120  2    0.000000e+00
128  2    0.000000e+00
136  2    0.000000e+00
144  2    0.000000e+00
152  2    0.000000e+00
160  2    0.000000e+00
168  2    0.000000e+00
176  2    0.000000e+00
184  2    0.000000e+00
192  2    0.000000e+00
200  2    0.000000e+00
208  2    0.000000e+00
216  2    0.000000e+00
224  2    0.000000e+00
232  2    0.000000e+00
