3

1000  3.000000e-01

1

320

3    3    3

9    12   12

5    8    8

0    1    2    3    4    5    6    7    8    9    10   11   12   13   14   15   16   17   18   19   20   21   22   23   24   25   26   27   28   29   30   31   32   33   34   35   36   37   38   39   40   41   42   43   44   45   46   47   48   49   50   51   52   53   54   55   56   57   58   59   60   61   62   63   64   65   66   67   68   69   70   71   72   73   74   75   76   77   78   79   80   81   82   83   84   85   86   87   88   89   90   91   92   93   94   95   96   97   98   99   100  101  102  103  104  105  106  107  108  109  110  111  112  113  114  115  116  117  118  119  120  121  122  123  124  125  126  127  128  129  130  131  132  133  134  135  136  137  138  139  140  141  142  143  144  145  146  147  148  149  150  151  152  153  154  155  156  157  158  159  160  161  162  163  164  165  166  167  168  169  170  171  172  173  174  175  176  177  178  179  180  181  182  183  184  185  186  187  188  189  190  191  192  193  194  195  196  197  198  199  200  201  202  203  204  205  206  207  208  209  210  211  212  213  214  215  216  217  218  219  220  221  222  223  224  225  226  227  228  229  230  231  232  233  234  235  236  237  238  239  240  241  242  243  244  245  246  247  248  249  250  251  252  253  254  255  256  257  258  259  260  261  262  263  264  265  266  267  268  269  270  271  272  273  274  275  276  277  278  279  280  281  282  283  284  285  286  287  288  289  290  291  292  293  294  295  296  297  298  299  300  301  302  303  304  305  306  307  308  309  310  311  312  313  314  315  316  317  318  319

85   0    0

0.0000000000000000e+00  0.0000000000000000e+00  0.0000000000000000e+00  0.0000000000000000e+00  5.0000000000000000e-01  1.0000000000000000e+00  1.0000000000000000e+00  1.0000000000000000e+00  1.0000000000000000e+00
0.0000000000000000e+00  0.0000000000000000e+00  0.0000000000000000e+00  0.0000000000000000e+00  2.0000000000000001e-01  4.0000000000000002e-01  5.9999999999999998e-01  8.0000000000000004e-01  1.0000000000000000e+00  1.0000000000000000e+00  1.0000000000000000e+00  1.0000000000000000e+00
0.0000000000000000e+00  0.0000000000000000e+00  0.0000000000000000e+00  0.0000000000000000e+00  2.0000000000000001e-01  4.0000000000000002e-01  5.9999999999999998e-01  8.0000000000000004e-01  1.0000000000000000e+00  1.0000000000000000e+00  1.0000000000000000e+00  1.0000000000000000e+00

0     0.0000000000000000e+00  0.0000000000000000e+00  0.0000000000000000e+00  1.0000000000000000e+00
1     8.3333333333333343e-02  0.0000000000000000e+00  0.0000000000000000e+00  1.0000000000000000e+00
2     2.5000000000000000e-01  0.0000000000000000e+00  0.0000000000000000e+00  1.0000000000000000e+00
3     4.1666666666666669e-01  0.0000000000000000e+00  0.0000000000000000e+00  1.0000000000000000e+00
4     5.0000000000000000e-01  0.0000000000000000e+00  0.0000000000000000e+00  1.0000000000000000e+00
5     0.0000000000000000e+00  4.0000000000000002e-01  0.0000000000000000e+00  1.0000000000000000e+00
6     8.3333333333333343e-02  4.0000000000000002e-01  0.0000000000000000e+00  1.0000000000000000e+00
7     2.5000000000000000e-01  4.0000000000000002e-01  0.0000000000000000e+00  1.0000000000000000e+00
8     4.1666666666666674e-01  4.0000000000000002e-01  0.0000000000000000e+00  1.0000000000000000e+00
9     5.0000000000000000e-01  4.0000000000000002e-01  0.0000000000000000e+00  1.0000000000000000e+00
10    0.0000000000000000e+00  1.2000000000000002e+00  0.0000000000000000e+00  1.0000000000000000e+00
11    8.3333333333333343e-02  1.2000000000000002e+00  0.0000000000000000e+00  1.0000000000000000e+00
12    2.5000000000000000e-01  1.2000000000000002e+00  0.0000000000000000e+00  1.0000000000000000e+00
13    4.1666666666666674e-01  1.2000000000000002e+00  0.0000000000000000e+00  1.0000000000000000e+00
14    5.0000000000000000e-01  1.2000000000000002e+00  0.0000000000000000e+00  1.0000000000000000e+00
15    0.0000000000000000e+00  2.4000000000000004e+00  0.0000000000000000e+00  1.0000000000000000e+00
16    8.3333333333333356e-02  2.4000000000000004e+00  0.0000000000000000e+00  1.0000000000000000e+00
17    2.5000000000000000e-01  2.4000000000000004e+00  0.0000000000000000e+00  1.0000000000000000e+00
18    4.1666666666666674e-01  2.4000000000000004e+00  0.0000000000000000e+00  1.0000000000000000e+00
19    5.0000000000000000e-01  2.4000000000000004e+00  0.0000000000000000e+00  1.0000000000000000e+00
20    0.0000000000000000e+00  3.6000000000000001e+00  0.0000000000000000e+00  1.0000000000000000e+00
21    8.3333333333333343e-02  3.6000000000000001e+00  0.0000000000000000e+00  1.0000000000000000e+00
22    2.5000000000000000e-01  3.6000000000000001e+00  0.0000000000000000e+00  1.0000000000000000e+00
23    4.1666666666666669e-01  3.6000000000000001e+00  0.0000000000000000e+00  1.0000000000000000e+00
24    5.0000000000000000e-01  3.6000000000000001e+00  0.0000000000000000e+00  1.0000000000000000e+00
25    0.0000000000000000e+00  4.7999999999999998e+00  0.0000000000000000e+00  1.0000000000000000e+00
26    8.3333333333333343e-02  4.7999999999999998e+00  0.0000000000000000e+00  1.0000000000000000e+00
27    2.5000000000000000e-01  4.7999999999999998e+00  0.0000000000000000e+00  1.0000000000000000e+00
28    4.1666666666666674e-01  4.7999999999999998e+00  0.0000000000000000e+00  1.0000000000000000e+00
29    5.0000000000000000e-01  4.7999999999999998e+00  0.0000000000000000e+00  1.0000000000000000e+00
30    0.0000000000000000e+00  5.6000000000000005e+00  0.0000000000000000e+00  1.0000000000000000e+00
31    8.3333333333333343e-02  5.6000000000000005e+00  0.0000000000000000e+00  1.0000000000000000e+00
32    2.5000000000000000e-01  5.6000000000000005e+00  0.0000000000000000e+00  1.0000000000000000e+00
33    4.1666666666666669e-01  5.6000000000000005e+00  0.0000000000000000e+00  1.0000000000000000e+00
34    5.0000000000000000e-01  5.6000000000000005e+00  0.0000000000000000e+00  1.0000000000000000e+00
35    0.0000000000000000e+00  6.0000000000000000e+00  0.0000000000000000e+00  1.0000000000000000e+00
36    8.3333333333333343e-02  6.0000000000000000e+00  0.0000000000000000e+00  1.0000000000000000e+00
37    2.5000000000000000e-01  6.0000000000000000e+00  0.0000000000000000e+00  1.0000000000000000e+00
38    4.1666666666666669e-01  6.0000000000000000e+00  0.0000000000000000e+00  1.0000000000000000e+00
39    5.0000000000000000e-01  6.0000000000000000e+00  0.0000000000000000e+00  1.0000000000000000e+00
40    0.0000000000000000e+00  0.0000000000000000e+00  4.0000000000000002e-01  1.0000000000000000e+00
41    8.3333333333333343e-02  0.0000000000000000e+00  4.0000000000000002e-01  1.0000000000000000e+00
42    2.5000000000000000e-01  0.0000000000000000e+00  4.0000000000000002e-01  1.0000000000000000e+00
43    4.1666666666666674e-01  0.0000000000000000e+00  4.0000000000000002e-01  1.0000000000000000e+00
44    5.0000000000000000e-01  0.0000000000000000e+00  4.0000000000000002e-01  1.0000000000000000e+00
45    0.0000000000000000e+00  4.0000000000000008e-01  4.0000000000000002e-01  1.0000000000000000e+00
46    8.3333333333333343e-02  4.0000000000000008e-01  4.0000000000000002e-01  1.0000000000000000e+00
47    2.5000000000000000e-01  4.0000000000000008e-01  4.0000000000000002e-01  1.0000000000000000e+00
48    4.1666666666666680e-01  4.0000000000000008e-01  4.0000000000000002e-01  1.0000000000000000e+00
49    5.0000000000000000e-01  4.0000000000000008e-01  4.0000000000000002e-01  1.0000000000000000e+00
50    0.0000000000000000e+00  1.2000000000000002e+00  4.0000000000000002e-01  1.0000000000000000e+00
51    8.3333333333333343e-02  1.2000000000000002e+00  4.0000000000000002e-01  1.0000000000000000e+00
52    2.5000000000000000e-01  1.2000000000000002e+00  4.0000000000000002e-01  1.0000000000000000e+00
53    4.1666666666666680e-01  1.2000000000000002e+00  4.0000000000000002e-01  1.0000000000000000e+00
54    5.0000000000000000e-01  1.2000000000000002e+00  4.0000000000000002e-01  1.0000000000000000e+00
55    0.0000000000000000e+00  2.4000000000000004e+00  4.0000000000000002e-01  1.0000000000000000e+00
56    8.3333333333333370e-02  2.4000000000000004e+00  4.0000000000000002e-01  1.0000000000000000e+00
57    2.5000000000000000e-01  2.4000000000000004e+00  4.0000000000000002e-01  1.0000000000000000e+00
58    4.1666666666666680e-01  2.4000000000000004e+00  4.0000000000000002e-01  1.0000000000000000e+00
59    5.0000000000000000e-01  2.4000000000000004e+00  4.0000000000000002e-01  1.0000000000000000e+00
60    0.0000000000000000e+00  3.6000000000000005e+00  4.0000000000000002e-01  1.0000000000000000e+00
61    8.3333333333333343e-02  3.6000000000000005e+00  4.0000000000000002e-01  1.0000000000000000e+00
62    2.5000000000000000e-01  3.6000000000000005e+00  4.0000000000000002e-01  1.0000000000000000e+00
63    4.1666666666666674e-01  3.6000000000000005e+00  4.0000000000000002e-01  1.0000000000000000e+00
64    5.0000000000000000e-01  3.6000000000000005e+00  4.0000000000000002e-01  1.0000000000000000e+00
65    0.0000000000000000e+00  4.7999999999999998e+00  4.0000000000000002e-01  1.0000000000000000e+00
66    8.3333333333333343e-02  4.7999999999999998e+00  4.0000000000000002e-01  1.0000000000000000e+00
67    2.5000000000000000e-01  4.7999999999999998e+00  4.0000000000000002e-01  1.0000000000000000e+00
68    4.1666666666666680e-01  4.7999999999999998e+00  4.0000000000000002e-01  1.0000000000000000e+00
69    5.0000000000000000e-01  4.7999999999999998e+00  4.0000000000000002e-01  1.0000000000000000e+00
70    0.0000000000000000e+00  5.6000000000000005e+00  4.0000000000000002e-01  1.0000000000000000e+00
71    8.3333333333333343e-02  5.6000000000000005e+00  4.0000000000000002e-01  1.0000000000000000e+00
72    2.5000000000000000e-01  5.6000000000000005e+00  4.0000000000000002e-01  1.0000000000000000e+00
73    4.1666666666666674e-01  5.6000000000000005e+00  4.0000000000000002e-01  1.0000000000000000e+00
74    5.0000000000000000e-01  5.6000000000000005e+00  4.0000000000000002e-01  1.0000000000000000e+00
75    0.0000000000000000e+00  6.0000000000000009e+00  4.0000000000000002e-01  1.0000000000000000e+00
76    8.3333333333333343e-02  6.0000000000000009e+00  4.0000000000000002e-01  1.0000000000000000e+00
77    2.5000000000000000e-01  6.0000000000000009e+00  4.0000000000000002e-01  1.0000000000000000e+00
78    4.1666666666666674e-01  6.0000000000000009e+00  4.0000000000000002e-01  1.0000000000000000e+00
79    5.0000000000000000e-01  6.0000000000000009e+00  4.0000000000000002e-01  1.0000000000000000e+00
80    0.0000000000000000e+00  0.0000000000000000e+00  1.2000000000000002e+00  1.0000000000000000e+00
81    8.3333333333333343e-02  0.0000000000000000e+00  1.2000000000000002e+00  1.0000000000000000e+00
82    2.5000000000000000e-01  0.0000000000000000e+00  1.2000000000000002e+00  1.0000000000000000e+00
83    4.1666666666666674e-01  0.0000000000000000e+00  1.2000000000000002e+00  1.0000000000000000e+00
84    5.0000000000000000e-01  0.0000000000000000e+00  1.2000000000000002e+00  1.0000000000000000e+00
85    0.0000000000000000e+00  4.0000000000000008e-01  1.2000000000000002e+00  1.0000000000000000e+00
86    8.3333333333333343e-02  4.0000000000000008e-01  1.2000000000000002e+00  1.0000000000000000e+00
87    2.5000000000000000e-01  4.0000000000000008e-01  1.2000000000000002e+00  1.0000000000000000e+00
88    4.1666666666666674e-01  4.0000000000000008e-01  1.2000000000000002e+00  1.0000000000000000e+00
89    5.0000000000000000e-01  4.0000000000000008e-01  1.2000000000000002e+00  1.0000000000000000e+00
90    0.0000000000000000e+00  1.2000000000000002e+00  1.2000000000000002e+00  1.0000000000000000e+00
91    8.3333333333333343e-02  1.2000000000000002e+00  1.2000000000000002e+00  1.0000000000000000e+00
92    2.5000000000000000e-01  1.2000000000000002e+00  1.2000000000000002e+00  1.0000000000000000e+00
93    4.1666666666666674e-01  1.2000000000000002e+00  1.2000000000000002e+00  1.0000000000000000e+00
94    5.0000000000000000e-01  1.2000000000000002e+00  1.2000000000000002e+00  1.0000000000000000e+00
95    0.0000000000000000e+00  2.4000000000000004e+00  1.2000000000000002e+00  1.0000000000000000e+00
96    8.3333333333333356e-02  2.4000000000000004e+00  1.2000000000000002e+00  1.0000000000000000e+00
97    2.5000000000000000e-01  2.4000000000000004e+00  1.2000000000000002e+00  1.0000000000000000e+00
98    4.1666666666666674e-01  2.4000000000000004e+00  1.2000000000000002e+00  1.0000000000000000e+00
99    5.0000000000000000e-01  2.4000000000000004e+00  1.2000000000000002e+00  1.0000000000000000e+00
100   0.0000000000000000e+00  3.6000000000000005e+00  1.2000000000000002e+00  1.0000000000000000e+00
101   8.3333333333333343e-02  3.6000000000000005e+00  1.2000000000000002e+00  1.0000000000000000e+00
102   2.5000000000000000e-01  3.6000000000000005e+00  1.2000000000000002e+00  1.0000000000000000e+00
103   4.1666666666666674e-01  3.6000000000000005e+00  1.2000000000000002e+00  1.0000000000000000e+00
104   5.0000000000000000e-01  3.6000000000000005e+00  1.2000000000000002e+00  1.0000000000000000e+00
105   0.0000000000000000e+00  4.8000000000000007e+00  1.2000000000000002e+00  1.0000000000000000e+00
106   8.3333333333333343e-02  4.8000000000000007e+00  1.2000000000000002e+00  1.0000000000000000e+00
107   2.5000000000000000e-01  4.8000000000000007e+00  1.2000000000000002e+00  1.0000000000000000e+00
108   4.1666666666666674e-01  4.8000000000000007e+00  1.2000000000000002e+00  1.0000000000000000e+00
109   5.0000000000000000e-01  4.8000000000000007e+00  1.2000000000000002e+00  1.0000000000000000e+00
110   0.0000000000000000e+00  5.6000000000000014e+00  1.2000000000000002e+00  1.0000000000000000e+00
111   8.3333333333333343e-02  5.6000000000000014e+00  1.2000000000000002e+00  1.0000000000000000e+00
112   2.5000000000000000e-01  5.6000000000000014e+00  1.2000000000000002e+00  1.0000000000000000e+00
113   4.1666666666666674e-01  5.6000000000000014e+00  1.2000000000000002e+00  1.0000000000000000e+00
114   5.0000000000000000e-01  5.6000000000000014e+00  1.2000000000000002e+00  1.0000000000000000e+00
115   0.0000000000000000e+00  6.0000000000000009e+00  1.2000000000000002e+00  1.0000000000000000e+00
116   8.3333333333333343e-02  6.0000000000000009e+00  1.2000000000000002e+00  1.0000000000000000e+00
117   2.5000000000000000e-01  6.0000000000000009e+00  1.2000000000000002e+00  1.0000000000000000e+00
118   4.1666666666666674e-01  6.0000000000000009e+00  1.2000000000000002e+00  1.0000000000000000e+00
119   5.0000000000000000e-01  6.0000000000000009e+00  1.2000000000000002e+00  1.0000000000000000e+00
120   0.0000000000000000e+00  0.0000000000000000e+00  2.4000000000000004e+00  1.0000000000000000e+00
121   8.3333333333333356e-02  0.0000000000000000e+00  2.4000000000000004e+00  1.0000000000000000e+00
122   2.5000000000000000e-01  0.0000000000000000e+00  2.4000000000000004e+00  1.0000000000000000e+00
123   4.1666666666666674e-01  0.0000000000000000e+00  2.4000000000000004e+00  1.0000000000000000e+00
124   5.0000000000000000e-01  0.0000000000000000e+00  2.4000000000000004e+00  1.0000000000000000e+00
125   0.0000000000000000e+00  4.0000000000000002e-01  2.4000000000000004e+00  1.0000000000000000e+00
126   8.3333333333333356e-02  4.0000000000000002e-01  2.4000000000000004e+00  1.0000000000000000e+00
127   2.5000000000000000e-01  4.0000000000000002e-01  2.4000000000000004e+00  1.0000000000000000e+00
128   4.1666666666666685e-01  4.0000000000000002e-01  2.4000000000000004e+00  1.0000000000000000e+00
129   5.0000000000000000e-01  4.0000000000000002e-01  2.4000000000000004e+00  1.0000000000000000e+00
130   0.0000000000000000e+00  1.2000000000000004e+00  2.4000000000000004e+00  1.0000000000000000e+00
131   8.3333333333333356e-02  1.2000000000000004e+00  2.4000000000000004e+00  1.0000000000000000e+00
132   2.5000000000000000e-01  1.2000000000000004e+00  2.4000000000000004e+00  1.0000000000000000e+00
133   4.1666666666666685e-01  1.2000000000000004e+00  2.4000000000000004e+00  1.0000000000000000e+00
134   5.0000000000000000e-01  1.2000000000000004e+00  2.4000000000000004e+00  1.0000000000000000e+00
135   0.0000000000000000e+00  2.4000000000000008e+00  2.4000000000000004e+00  1.0000000000000000e+00
136   8.3333333333333370e-02  2.4000000000000008e+00  2.4000000000000004e+00  1.0000000000000000e+00
137   2.5000000000000000e-01  2.4000000000000008e+00  2.4000000000000004e+00  1.0000000000000000e+00
138   4.1666666666666685e-01  2.4000000000000008e+00  2.4000000000000004e+00  1.0000000000000000e+00
139   5.0000000000000000e-01  2.4000000000000008e+00  2.4000000000000004e+00  1.0000000000000000e+00
140   0.0000000000000000e+00  3.6000000000000001e+00  2.4000000000000004e+00  1.0000000000000000e+00
141   8.3333333333333356e-02  3.6000000000000001e+00  2.4000000000000004e+00  1.0000000000000000e+00
142   2.5000000000000000e-01  3.6000000000000001e+00  2.4000000000000004e+00  1.0000000000000000e+00
143   4.1666666666666674e-01  3.6000000000000001e+00  2.4000000000000004e+00  1.0000000000000000e+00
144   5.0000000000000000e-01  3.6000000000000001e+00  2.4000000000000004e+00  1.0000000000000000e+00
145   0.0000000000000000e+00  4.7999999999999998e+00  2.4000000000000004e+00  1.0000000000000000e+00
146   8.3333333333333356e-02  4.7999999999999998e+00  2.4000000000000004e+00  1.0000000000000000e+00
147   2.5000000000000000e-01  4.7999999999999998e+00  2.4000000000000004e+00  1.0000000000000000e+00
148   4.1666666666666685e-01  4.7999999999999998e+00  2.4000000000000004e+00  1.0000000000000000e+00
149   5.0000000000000000e-01  4.7999999999999998e+00  2.4000000000000004e+00  1.0000000000000000e+00
150   0.0000000000000000e+00  5.6000000000000005e+00  2.4000000000000004e+00  1.0000000000000000e+00
151   8.3333333333333356e-02  5.6000000000000005e+00  2.4000000000000004e+00  1.0000000000000000e+00
152   2.5000000000000000e-01  5.6000000000000005e+00  2.4000000000000004e+00  1.0000000000000000e+00
153   4.1666666666666674e-01  5.6000000000000005e+00  2.4000000000000004e+00  1.0000000000000000e+00
154   5.0000000000000000e-01  5.6000000000000005e+00  2.4000000000000004e+00  1.0000000000000000e+00
155   0.0000000000000000e+00  6.0000000000000009e+00  2.4000000000000004e+00  1.0000000000000000e+00
156   8.3333333333333356e-02  6.0000000000000009e+00  2.4000000000000004e+00  1.0000000000000000e+00
157   2.5000000000000000e-01  6.0000000000000009e+00  2.4000000000000004e+00  1.0000000000000000e+00
158   4.1666666666666674e-01  6.0000000000000009e+00  2.4000000000000004e+00  1.0000000000000000e+00
159   5.0000000000000000e-01  6.0000000000000009e+00  2.4000000000000004e+00  1.0000000000000000e+00
160   0.0000000000000000e+00  0.0000000000000000e+00  3.6000000000000001e+00  1.0000000000000000e+00
161   8.3333333333333343e-02  0.0000000000000000e+00  3.6000000000000001e+00  1.0000000000000000e+00
162   2.5000000000000000e-01  0.0000000000000000e+00  3.6000000000000001e+00  1.0000000000000000e+00
163   4.1666666666666669e-01  0.0000000000000000e+00  3.6000000000000001e+00  1.0000000000000000e+00
164   5.0000000000000000e-01  0.0000000000000000e+00  3.6000000000000001e+00  1.0000000000000000e+00
165   0.0000000000000000e+00  4.0000000000000002e-01  3.6000000000000001e+00  1.0000000000000000e+00
166   8.3333333333333343e-02  4.0000000000000002e-01  3.6000000000000001e+00  1.0000000000000000e+00
167   2.5000000000000000e-01  4.0000000000000002e-01  3.6000000000000001e+00  1.0000000000000000e+00
168   4.1666666666666674e-01  4.0000000000000002e-01  3.6000000000000001e+00  1.0000000000000000e+00
169   5.0000000000000000e-01  4.0000000000000002e-01  3.6000000000000001e+00  1.0000000000000000e+00
170   0.0000000000000000e+00  1.2000000000000002e+00  3.6000000000000001e+00  1.0000000000000000e+00
171   8.3333333333333343e-02  1.2000000000000002e+00  3.6000000000000001e+00  1.0000000000000000e+00
172   2.5000000000000000e-01  1.2000000000000002e+00  3.6000000000000001e+00  1.0000000000000000e+00
173   4.1666666666666674e-01  1.2000000000000002e+00  3.6000000000000001e+00  1.0000000000000000e+00
174   5.0000000000000000e-01  1.2000000000000002e+00  3.6000000000000001e+00  1.0000000000000000e+00
175   0.0000000000000000e+00  2.4000000000000004e+00  3.6000000000000001e+00  1.0000000000000000e+00
176   8.3333333333333356e-02  2.4000000000000004e+00  3.6000000000000001e+00  1.0000000000000000e+00
177   2.5000000000000000e-01  2.4000000000000004e+00  3.6000000000000001e+00  1.0000000000000000e+00
178   4.1666666666666674e-01  2.4000000000000004e+00  3.6000000000000001e+00  1.0000000000000000e+00
179   5.0000000000000000e-01  2.4000000000000004e+00  3.6000000000000001e+00  1.0000000000000000e+00
180   0.0000000000000000e+00  3.6000000000000005e+00  3.6000000000000001e+00  1.0000000000000000e+00
181   8.3333333333333343e-02  3.6000000000000005e+00  3.6000000000000001e+00  1.0000000000000000e+00
182   2.5000000000000000e-01  3.6000000000000005e+00  3.6000000000000001e+00  1.0000000000000000e+00
183   4.1666666666666669e-01  3.6000000000000005e+00  3.6000000000000001e+00  1.0000000000000000e+00
184   5.0000000000000000e-01  3.6000000000000005e+00  3.6000000000000001e+00  1.0000000000000000e+00
185   0.0000000000000000e+00  4.7999999999999998e+00  3.6000000000000001e+00  1.0000000000000000e+00
186   8.3333333333333343e-02  4.7999999999999998e+00  3.6000000000000001e+00  1.0000000000000000e+00
187   2.5000000000000000e-01  4.7999999999999998e+00  3.6000000000000001e+00  1.0000000000000000e+00
188   4.1666666666666674e-01  4.7999999999999998e+00  3.6000000000000001e+00  1.0000000000000000e+00
189   5.0000000000000000e-01  4.7999999999999998e+00  3.6000000000000001e+00  1.0000000000000000e+00
190   0.0000000000000000e+00  5.6000000000000014e+00  3.6000000000000001e+00  1.0000000000000000e+00
191   8.3333333333333343e-02  5.6000000000000014e+00  3.6000000000000001e+00  1.0000000000000000e+00
192   2.5000000000000000e-01  5.6000000000000014e+00  3.6000000000000001e+00  1.0000000000000000e+00
193   4.1666666666666669e-01  5.6000000000000014e+00  3.6000000000000001e+00  1.0000000000000000e+00
194   5.0000000000000000e-01  5.6000000000000014e+00  3.6000000000000001e+00  1.0000000000000000e+00
195   0.0000000000000000e+00  6.0000000000000000e+00  3.6000000000000001e+00  1.0000000000000000e+00
196   8.3333333333333343e-02  6.0000000000000000e+00  3.6000000000000001e+00  1.0000000000000000e+00
197   2.5000000000000000e-01  6.0000000000000000e+00  3.6000000000000001e+00  1.0000000000000000e+00
198   4.1666666666666669e-01  6.0000000000000000e+00  3.6000000000000001e+00  1.0000000000000000e+00
199   5.0000000000000000e-01  6.0000000000000000e+00  3.6000000000000001e+00  1.0000000000000000e+00
200   0.0000000000000000e+00  0.0000000000000000e+00  4.7999999999999998e+00  1.0000000000000000e+00
201   8.3333333333333343e-02  0.0000000000000000e+00  4.7999999999999998e+00  1.0000000000000000e+00
202   2.5000000000000000e-01  0.0000000000000000e+00  4.7999999999999998e+00  1.0000000000000000e+00
203   4.1666666666666674e-01  0.0000000000000000e+00  4.7999999999999998e+00  1.0000000000000000e+00
204   5.0000000000000000e-01  0.0000000000000000e+00  4.7999999999999998e+00  1.0000000000000000e+00
205   0.0000000000000000e+00  4.0000000000000002e-01  4.8000000000000007e+00  1.0000000000000000e+00
206   8.3333333333333343e-02  4.0000000000000002e-01  4.8000000000000007e+00  1.0000000000000000e+00
207   2.5000000000000000e-01  4.0000000000000002e-01  4.8000000000000007e+00  1.0000000000000000e+00
208   4.1666666666666674e-01  4.0000000000000002e-01  4.8000000000000007e+00  1.0000000000000000e+00
209   5.0000000000000000e-01  4.0000000000000002e-01  4.8000000000000007e+00  1.0000000000000000e+00
210   0.0000000000000000e+00  1.2000000000000002e+00  4.8000000000000007e+00  1.0000000000000000e+00
211   8.3333333333333343e-02  1.2000000000000002e+00  4.8000000000000007e+00  1.0000000000000000e+00
212   2.5000000000000000e-01  1.2000000000000002e+00  4.8000000000000007e+00  1.0000000000000000e+00
213   4.1666666666666674e-01  1.2000000000000002e+00  4.8000000000000007e+00  1.0000000000000000e+00
214   5.0000000000000000e-01  1.2000000000000002e+00  4.8000000000000007e+00  1.0000000000000000e+00
215   0.0000000000000000e+00  2.4000000000000004e+00  4.8000000000000007e+00  1.0000000000000000e+00
216   8.3333333333333356e-02  2.4000000000000004e+00  4.8000000000000007e+00  1.0000000000000000e+00
217   2.5000000000000000e-01  2.4000000000000004e+00  4.8000000000000007e+00  1.0000000000000000e+00
218   4.1666666666666674e-01  2.4000000000000004e+00  4.8000000000000007e+00  1.0000000000000000e+00
219   5.0000000000000000e-01  2.4000000000000004e+00  4.8000000000000007e+00  1.0000000000000000e+00
220   0.0000000000000000e+00  3.6000000000000005e+00  4.7999999999999998e+00  1.0000000000000000e+00
221   8.3333333333333343e-02  3.6000000000000005e+00  4.7999999999999998e+00  1.0000000000000000e+00
222   2.5000000000000000e-01  3.6000000000000005e+00  4.7999999999999998e+00  1.0000000000000000e+00
223   4.1666666666666674e-01  3.6000000000000005e+00  4.7999999999999998e+00  1.0000000000000000e+00
224   5.0000000000000000e-01  3.6000000000000005e+00  4.7999999999999998e+00  1.0000000000000000e+00
225   0.0000000000000000e+00  4.7999999999999998e+00  4.7999999999999998e+00  1.0000000000000000e+00
226   8.3333333333333343e-02  4.7999999999999998e+00  4.7999999999999998e+00  1.0000000000000000e+00
227   2.5000000000000000e-01  4.7999999999999998e+00  4.7999999999999998e+00  1.0000000000000000e+00
228   4.1666666666666674e-01  4.7999999999999998e+00  4.7999999999999998e+00  1.0000000000000000e+00
229   5.0000000000000000e-01  4.7999999999999998e+00  4.7999999999999998e+00  1.0000000000000000e+00
230   0.0000000000000000e+00  5.6000000000000005e+00  4.7999999999999998e+00  1.0000000000000000e+00
231   8.3333333333333343e-02  5.6000000000000005e+00  4.7999999999999998e+00  1.0000000000000000e+00
232   2.5000000000000000e-01  5.6000000000000005e+00  4.7999999999999998e+00  1.0000000000000000e+00
233   4.1666666666666674e-01  5.6000000000000005e+00  4.7999999999999998e+00  1.0000000000000000e+00
234   5.0000000000000000e-01  5.6000000000000005e+00  4.7999999999999998e+00  1.0000000000000000e+00
235   0.0000000000000000e+00  6.0000000000000000e+00  4.7999999999999998e+00  1.0000000000000000e+00
236   8.3333333333333343e-02  6.0000000000000000e+00  4.7999999999999998e+00  1.0000000000000000e+00
237   2.5000000000000000e-01  6.0000000000000000e+00  4.7999999999999998e+00  1.0000000000000000e+00
238   4.1666666666666674e-01  6.0000000000000000e+00  4.7999999999999998e+00  1.0000000000000000e+00
239   5.0000000000000000e-01  6.0000000000000000e+00  4.7999999999999998e+00  1.0000000000000000e+00
240   0.0000000000000000e+00  0.0000000000000000e+00  5.6000000000000005e+00  1.0000000000000000e+00
241   8.3333333333333343e-02  0.0000000000000000e+00  5.6000000000000005e+00  1.0000000000000000e+00
242   2.5000000000000000e-01  0.0000000000000000e+00  5.6000000000000005e+00  1.0000000000000000e+00
243   4.1666666666666669e-01  0.0000000000000000e+00  5.6000000000000005e+00  1.0000000000000000e+00
244   5.0000000000000000e-01  0.0000000000000000e+00  5.6000000000000005e+00  1.0000000000000000e+00
245   0.0000000000000000e+00  4.0000000000000002e-01  5.6000000000000005e+00  1.0000000000000000e+00
246   8.3333333333333343e-02  4.0000000000000002e-01  5.6000000000000005e+00  1.0000000000000000e+00
247   2.5000000000000000e-01  4.0000000000000002e-01  5.6000000000000005e+00  1.0000000000000000e+00
248   4.1666666666666674e-01  4.0000000000000002e-01  5.6000000000000005e+00  1.0000000000000000e+00
249   5.0000000000000000e-01  4.0000000000000002e-01  5.6000000000000005e+00  1.0000000000000000e+00
250   0.0000000000000000e+00  1.2000000000000002e+00  5.6000000000000005e+00  1.0000000000000000e+00
251   8.3333333333333343e-02  1.2000000000000002e+00  5.6000000000000005e+00  1.0000000000000000e+00
252   2.5000000000000000e-01  1.2000000000000002e+00  5.6000000000000005e+00  1.0000000000000000e+00
253   4.1666666666666674e-01  1.2000000000000002e+00  5.6000000000000005e+00  1.0000000000000000e+00
254   5.0000000000000000e-01  1.2000000000000002e+00  5.6000000000000005e+00  1.0000000000000000e+00
255   0.0000000000000000e+00  2.4000000000000004e+00  5.6000000000000005e+00  1.0000000000000000e+00
256   8.3333333333333356e-02  2.4000000000000004e+00  5.6000000000000005e+00  1.0000000000000000e+00
257   2.5000000000000000e-01  2.4000000000000004e+00  5.6000000000000005e+00  1.0000000000000000e+00
258   4.1666666666666674e-01  2.4000000000000004e+00  5.6000000000000005e+00  1.0000000000000000e+00
259   5.0000000000000000e-01  2.4000000000000004e+00  5.6000000000000005e+00  1.0000000000000000e+00
260   0.0000000000000000e+00  3.6000000000000001e+00  5.6000000000000005e+00  1.0000000000000000e+00
261   8.3333333333333343e-02  3.6000000000000001e+00  5.6000000000000005e+00  1.0000000000000000e+00
262   2.5000000000000000e-01  3.6000000000000001e+00  5.6000000000000005e+00  1.0000000000000000e+00
263   4.1666666666666669e-01  3.6000000000000001e+00  5.6000000000000005e+00  1.0000000000000000e+00
264   5.0000000000000000e-01  3.6000000000000001e+00  5.6000000000000005e+00  1.0000000000000000e+00
265   0.0000000000000000e+00  4.7999999999999998e+00  5.6000000000000005e+00  1.0000000000000000e+00
266   8.3333333333333343e-02  4.7999999999999998e+00  5.6000000000000005e+00  1.0000000000000000e+00
267   2.5000000000000000e-01  4.7999999999999998e+00  5.6000000000000005e+00  1.0000000000000000e+00
268   4.1666666666666674e-01  4.7999999999999998e+00  5.6000000000000005e+00  1.0000000000000000e+00
269   5.0000000000000000e-01  4.7999999999999998e+00  5.6000000000000005e+00  1.0000000000000000e+00
270   0.0000000000000000e+00  5.6000000000000005e+00  5.6000000000000005e+00  1.0000000000000000e+00
271   8.3333333333333343e-02  5.6000000000000005e+00  5.6000000000000005e+00  1.0000000000000000e+00
272   2.5000000000000000e-01  5.6000000000000005e+00  5.6000000000000005e+00  1.0000000000000000e+00
273   4.1666666666666669e-01  5.6000000000000005e+00  5.6000000000000005e+00  1.0000000000000000e+00
274   5.0000000000000000e-01  5.6000000000000005e+00  5.6000000000000005e+00  1.0000000000000000e+00
275   0.0000000000000000e+00  6.0000000000000000e+00  5.6000000000000005e+00  1.0000000000000000e+00
276   8.3333333333333343e-02  6.0000000000000000e+00  5.6000000000000005e+00  1.0000000000000000e+00
277   2.5000000000000000e-01  6.0000000000000000e+00  5.6000000000000005e+00  1.0000000000000000e+00
278   4.1666666666666669e-01  6.0000000000000000e+00  5.6000000000000005e+00  1.0000000000000000e+00
279   5.0000000000000000e-01  6.0000000000000000e+00  5.6000000000000005e+00  1.0000000000000000e+00
280   0.0000000000000000e+00  0.0000000000000000e+00  6.0000000000000000e+00  1.0000000000000000e+00
281   8.3333333333333343e-02  0.0000000000000000e+00  6.0000000000000000e+00  1.0000000000000000e+00
282   2.5000000000000000e-01  0.0000000000000000e+00  6.0000000000000000e+00  1.0000000000000000e+00
283   4.1666666666666669e-01  0.0000000000000000e+00  6.0000000000000000e+00  1.0000000000000000e+00
284   5.0000000000000000e-01  0.0000000000000000e+00  6.0000000000000000e+00  1.0000000000000000e+00
285   0.0000000000000000e+00  4.0000000000000002e-01  6.0000000000000009e+00  1.0000000000000000e+00
286   8.3333333333333343e-02  4.0000000000000002e-01  6.0000000000000009e+00  1.0000000000000000e+00
287   2.5000000000000000e-01  4.0000000000000002e-01  6.0000000000000009e+00  1.0000000000000000e+00
288   4.1666666666666674e-01  4.0000000000000002e-01  6.0000000000000009e+00  1.0000000000000000e+00
289   5.0000000000000000e-01  4.0000000000000002e-01  6.0000000000000009e+00  1.0000000000000000e+00
290   0.0000000000000000e+00  1.2000000000000002e+00  6.0000000000000009e+00  1.0000000000000000e+00
291   8.3333333333333343e-02  1.2000000000000002e+00  6.0000000000000009e+00  1.0000000000000000e+00
292   2.5000000000000000e-01  1.2000000000000002e+00  6.0000000000000009e+00  1.0000000000000000e+00
293   4.1666666666666674e-01  1.2000000000000002e+00  6.0000000000000009e+00  1.0000000000000000e+00
294   5.0000000000000000e-01  1.2000000000000002e+00  6.0000000000000009e+00  1.0000000000000000e+00
295   0.0000000000000000e+00  2.4000000000000004e+00  6.0000000000000009e+00  1.0000000000000000e+00
296   8.3333333333333356e-02  2.4000000000000004e+00  6.0000000000000009e+00  1.0000000000000000e+00
297   2.5000000000000000e-01  2.4000000000000004e+00  6.0000000000000009e+00  1.0000000000000000e+00
298   4.1666666666666674e-01  2.4000000000000004e+00  6.0000000000000009e+00  1.0000000000000000e+00
299   5.0000000000000000e-01  2.4000000000000004e+00  6.0000000000000009e+00  1.0000000000000000e+00
300   0.0000000000000000e+00  3.6000000000000001e+00  6.0000000000000000e+00  1.0000000000000000e+00
301   8.3333333333333343e-02  3.6000000000000001e+00  6.0000000000000000e+00  1.0000000000000000e+00
302   2.5000000000000000e-01  3.6000000000000001e+00  6.0000000000000000e+00  1.0000000000000000e+00
303   4.1666666666666669e-01  3.6000000000000001e+00  6.0000000000000000e+00  1.0000000000000000e+00
304   5.0000000000000000e-01  3.6000000000000001e+00  6.0000000000000000e+00  1.0000000000000000e+00
305   0.0000000000000000e+00  4.7999999999999998e+00  6.0000000000000000e+00  1.0000000000000000e+00
306   8.3333333333333343e-02  4.7999999999999998e+00  6.0000000000000000e+00  1.0000000000000000e+00
307   2.5000000000000000e-01  4.7999999999999998e+00  6.0000000000000000e+00  1.0000000000000000e+00
308   4.1666666666666674e-01  4.7999999999999998e+00  6.0000000000000000e+00  1.0000000000000000e+00
309   5.0000000000000000e-01  4.7999999999999998e+00  6.0000000000000000e+00  1.0000000000000000e+00
310   0.0000000000000000e+00  5.6000000000000005e+00  6.0000000000000000e+00  1.0000000000000000e+00
311   8.3333333333333343e-02  5.6000000000000005e+00  6.0000000000000000e+00  1.0000000000000000e+00
312   2.5000000000000000e-01  5.6000000000000005e+00  6.0000000000000000e+00  1.0000000000000000e+00
313   4.1666666666666669e-01  5.6000000000000005e+00  6.0000000000000000e+00  1.0000000000000000e+00
314   5.0000000000000000e-01  5.6000000000000005e+00  6.0000000000000000e+00  1.0000000000000000e+00
315   0.0000000000000000e+00  6.0000000000000000e+00  6.0000000000000000e+00  1.0000000000000000e+00
316   8.3333333333333343e-02  6.0000000000000000e+00  6.0000000000000000e+00  1.0000000000000000e+00
317   2.5000000000000000e-01  6.0000000000000000e+00  6.0000000000000000e+00  1.0000000000000000e+00
318   4.1666666666666669e-01  6.0000000000000000e+00  6.0000000000000000e+00  1.0000000000000000e+00
319   5.0000000000000000e-01  6.0000000000000000e+00  6.0000000000000000e+00  1.0000000000000000e+00

0    2    0.000000e+00
1    2    0.000000e+00
2    2    0.000000e+00
3    2    0.000000e+00
4    2    0.000000e+00
5    2    0.000000e+00
6    2    0.000000e+00
7    2    0.000000e+00
8    2    0.000000e+00
9    2    0.000000e+00
10   2    0.000000e+00
11   2    0.000000e+00
12   2    0.000000e+00
13   2    0.000000e+00
14   2    0.000000e+00
15   2    0.000000e+00
16   2    0.000000e+00
17   2    0.000000e+00
18   2    0.000000e+00
19   2    0.000000e+00
20   2    0.000000e+00
21   2    0.000000e+00
22   2    0.000000e+00
23   2    0.000000e+00
24   2    0.000000e+00
25   2    0.000000e+00
26   2    0.000000e+00
27   2    0.000000e+00
28   2    0.000000e+00
29   2    0.000000e+00
30   2    0.000000e+00
31   2    0.000000e+00
32   2    0.000000e+00
33   2    0.000000e+00
34   2    0.000000e+00
35   2    0.000000e+00
36   2    0.000000e+00
37   2    0.000000e+00
38   2    0.000000e+00
39   2    0.000000e+00
280  2    2.000000e+00
281  2    2.000000e+00
282  2    2.000000e+00
283  2    2.000000e+00
284  2    2.000000e+00
285  2    2.000000e+00
286  2    2.000000e+00
287  2    2.000000e+00
288  2    2.000000e+00
289  2    2.000000e+00
290  2    2.000000e+00
291  2    2.000000e+00
292  2    2.000000e+00
293  2    2.000000e+00
294  2    2.000000e+00
295  2    2.000000e+00
296  2    2.000000e+00
297  2    2.000000e+00
298  2    2.000000e+00
299  2    2.000000e+00
300  2    2.000000e+00
301  2    2.000000e+00
302  2    2.000000e+00
303  2    2.000000e+00
304  2    2.000000e+00
305  2    2.000000e+00
306  2    2.000000e+00
307  2    2.000000e+00
308  2    2.000000e+00
309  2    2.000000e+00
310  2    2.000000e+00
311  2    2.000000e+00
312  2    2.000000e+00
313  2    2.000000e+00
314  2    2.000000e+00
315  2    2.000000e+00
316  2    2.000000e+00
317  2    2.000000e+00
318  2    2.000000e+00
319  2    2.000000e+00
0    0    0.000000e+00
0    1    0.000000e+00
280  0    0.000000e+00
280  1    0.000000e+00
35   0    0.000000e+00
