3

1000  3.000000e-01

1

500

3    3    3

9    14   14

5    10   10

0    1    2    3    4    5    6    7    8    9    10   11   12   13   14   15   16   17   18   19   20   21   22   23   24   25   26   27   28   29   30   31   32   33   34   35   36   37   38   39   40   41   42   43   44   45   46   47   48   49   50   51   52   53   54   55   56   57   58   59   60   61   62   63   64   65   66   67   68   69   70   71   72   73   74   75   76   77   78   79   80   81   82   83   84   85   86   87   88   89   90   91   92   93   94   95   96   97   98   99   100  101  102  103  104  105  106  107  108  109  110  111  112  113  114  115  116  117  118  119  120  121  122  123  124  125  126  127  128  129  130  131  132  133  134  135  136  137  138  139  140  141  142  143  144  145  146  147  148  149  150  151  152  153  154  155  156  157  158  159  160  161  162  163  164  165  166  167  168  169  170  171  172  173  174  175  176  177  178  179  180  181  182  183  184  185  186  187  188  189  190  191  192  193  194  195  196  197  198  199  200  201  202  203  204  205  206  207  208  209  210  211  212  213  214  215  216  217  218  219  220  221  222  223  224  225  226  227  228  229  230  231  232  233  234  235  236  237  238  239  240  241  242  243  244  245  246  247  248  249  250  251  252  253  254  255  256  257  258  259  260  261  262  263  264  265  266  267  268  269  270  271  272  273  274  275  276  277  278  279  280  281  282  283  284  285  286  287  288  289  290  291  292  293  294  295  296  297  298  299  300  301  302  303  304  305  306  307  308  309  310  311  312  313  314  315  316  317  318  319  320  321  322  323  324  325  326  327  328  329  330  331  332  333  334  335  336  337  338  339  340  341  342  343  344  345  346  347  348  349  350  351  352  353  354  355  356  357  358  359  360  361  362  363  364  365  366  367  368  369  370  371  372  373  374  375  376  377  378  379  380  381  382  383  384  385  386  387  388  389  390  391  392  393  394  395  396  397  398  399  400  401  402  403  404  405  406  407  408  409  410  411  412  413  414  415  416  417  418  419  420  421  422  423  424  425  426  427  428  429  430  431  432  433  434  435  436  437  438  439  440  441  442  443  444  445  446  447  448  449  450  451  452  453  454  455  456  457  458  459  460  461  462  463  464  465  466  467  468  469  470  471  472  473  474  475  476  477  478  479  480  481  482  483  484  485  486  487  488  489  490  491  492  493  494  495  496  497  498  499

105  0    0

0.0000000000000000e+00  0.0000000000000000e+00  0.0000000000000000e+00  0.0000000000000000e+00  5.0000000000000000e-01  1.0000000000000000e+00  1.0000000000000000e+00  1.0000000000000000e+00  1.0000000000000000e+00
0.0000000000000000e+00  0.0000000000000000e+00  0.0000000000000000e+00  0.0000000000000000e+00  1.4285714285714285e-01  2.8571428571428570e-01  4.2857142857142855e-01  5.7142857142857140e-01  7.1428571428571430e-01  8.5714285714285710e-01  1.0000000000000000e+00  1.0000000000000000e+00  1.0000000000000000e+00  1.0000000000000000e+00
0.0000000000000000e+00  0.0000000000000000e+00  0.0000000000000000e+00  0.0000000000000000e+00  1.4285714285714285e-01  2.8571428571428570e-01  4.2857142857142855e-01  5.7142857142857140e-01  7.1428571428571430e-01  8.5714285714285710e-01  1.0000000000000000e+00  1.0000000000000000e+00  1.0000000000000000e+00  1.0000000000000000e+00

0     0.0000000000000000e+00  0.0000000000000000e+00  0.0000000000000000e+00  1.0000000000000000e+00
1     8.3333333333333343e-02  0.0000000000000000e+00  0.0000000000000000e+00  1.0000000000000000e+00
2     2.5000000000000000e-01  0.0000000000000000e+00  0.0000000000000000e+00  1.0000000000000000e+00
3     4.1666666666666669e-01  0.0000000000000000e+00  0.0000000000000000e+00  1.0000000000000000e+00
4     5.0000000000000000e-01  0.0000000000000000e+00  0.0000000000000000e+00  1.0000000000000000e+00
5     0.0000000000000000e+00  2.8571428571428570e-01  0.0000000000000000e+00  1.0000000000000000e+00
6     8.3333333333333343e-02  2.8571428571428570e-01  0.0000000000000000e+00  1.0000000000000000e+00
7     2.5000000000000000e-01  2.8571428571428570e-01  0.0000000000000000e+00  1.0000000000000000e+00
8     4.1666666666666674e-01  2.8571428571428570e-01  0.0000000000000000e+00  1.0000000000000000e+00
9     5.0000000000000000e-01  2.8571428571428570e-01  0.0000000000000000e+00  1.0000000000000000e+00
10    0.0000000000000000e+00  8.5714285714285710e-01  0.0000000000000000e+00  1.0000000000000000e+00
11    8.3333333333333343e-02  8.5714285714285710e-01  0.0000000000000000e+00  1.0000000000000000e+00
12    2.5000000000000000e-01  8.5714285714285710e-01  0.0000000000000000e+00  1.0000000000000000e+00
13    4.1666666666666669e-01  8.5714285714285710e-01  0.0000000000000000e+00  1.0000000000000000e+00
14    5.0000000000000000e-01  8.5714285714285710e-01  0.0000000000000000e+00  1.0000000000000000e+00
15    0.0000000000000000e+00  1.7142857142857142e+00  0.0000000000000000e+00  9.9999999999999989e-01
16    8.3333333333333343e-02  1.7142857142857142e+00  0.0000000000000000e+00  9.9999999999999989e-01
17    2.5000000000000000e-01  1.7142857142857142e+00  0.0000000000000000e+00  9.9999999999999989e-01
18    4.1666666666666669e-01  1.7142857142857142e+00  0.0000000000000000e+00  9.9999999999999989e-01
19    5.0000000000000000e-01  1.7142857142857142e+00  0.0000000000000000e+00  9.9999999999999989e-01
20    0.0000000000000000e+00  2.5714285714285712e+00  0.0000000000000000e+00  1.0000000000000000e+00
21    8.3333333333333343e-02  2.5714285714285712e+00  0.0000000000000000e+00  1.0000000000000000e+00
22    2.5000000000000000e-01  2.5714285714285712e+00  0.0000000000000000e+00  1.0000000000000000e+00
23    4.1666666666666663e-01  2.5714285714285712e+00  0.0000000000000000e+00  1.0000000000000000e+00
24    5.0000000000000000e-01  2.5714285714285712e+00  0.0000000000000000e+00  1.0000000000000000e+00
25    0.0000000000000000e+00  3.4285714285714284e+00  0.0000000000000000e+00  1.0000000000000000e+00
26    8.3333333333333356e-02  3.4285714285714284e+00  0.0000000000000000e+00  1.0000000000000000e+00
27    2.5000000000000000e-01  3.4285714285714284e+00  0.0000000000000000e+00  1.0000000000000000e+00
28    4.1666666666666669e-01  3.4285714285714284e+00  0.0000000000000000e+00  1.0000000000000000e+00
29    5.0000000000000000e-01  3.4285714285714284e+00  0.0000000000000000e+00  1.0000000000000000e+00
30    0.0000000000000000e+00  4.2857142857142847e+00  0.0000000000000000e+00  1.0000000000000000e+00
31    8.3333333333333329e-02  4.2857142857142847e+00  0.0000000000000000e+00  1.0000000000000000e+00
32    2.5000000000000000e-01  4.2857142857142847e+00  0.0000000000000000e+00  1.0000000000000000e+00
33    4.1666666666666663e-01  4.2857142857142847e+00  0.0000000000000000e+00  1.0000000000000000e+00
34    5.0000000000000000e-01  4.2857142857142847e+00  0.0000000000000000e+00  1.0000000000000000e+00
35    0.0000000000000000e+00  5.1428571428571432e+00  0.0000000000000000e+00  1.0000000000000000e+00
36    8.3333333333333343e-02  5.1428571428571432e+00  0.0000000000000000e+00  1.0000000000000000e+00
37    2.5000000000000000e-01  5.1428571428571432e+00  0.0000000000000000e+00  1.0000000000000000e+00
38    4.1666666666666669e-01  5.1428571428571432e+00  0.0000000000000000e+00  1.0000000000000000e+00
39    5.0000000000000000e-01  5.1428571428571432e+00  0.0000000000000000e+00  1.0000000000000000e+00
40    0.0000000000000000e+00  5.7142857142857135e+00  0.0000000000000000e+00  1.0000000000000000e+00
41    8.3333333333333343e-02  5.7142857142857135e+00  0.0000000000000000e+00  1.0000000000000000e+00
42    2.5000000000000000e-01  5.7142857142857135e+00  0.0000000000000000e+00  1.0000000000000000e+00
43    4.1666666666666669e-01  5.7142857142857135e+00  0.0000000000000000e+00  1.0000000000000000e+00
44    5.0000000000000000e-01  5.7142857142857135e+00  0.0000000000000000e+00  1.0000000000000000e+00
45    0.0000000000000000e+00  6.0000000000000000e+00  0.0000000000000000e+00  1.0000000000000000e+00
46    8.3333333333333343e-02  6.0000000000000000e+00  0.0000000000000000e+00  1.0000000000000000e+00
47    2.5000000000000000e-01  6.0000000000000000e+00  0.0000000000000000e+00  1.0000000000000000e+00
48    4.1666666666666669e-01  6.0000000000000000e+00  0.0000000000000000e+00  1.0000000000000000e+00
49    5.0000000000000000e-01  6.0000000000000000e+00  0.0000000000000000e+00  1.0000000000000000e+00
50    0.0000000000000000e+00  0.0000000000000000e+00  2.8571428571428570e-01  1.0000000000000000e+00
51    8.3333333333333343e-02  0.0000000000000000e+00  2.8571428571428570e-01  1.0000000000000000e+00
52    2.5000000000000000e-01  0.0000000000000000e+00  2.8571428571428570e-01  1.0000000000000000e+00
53    4.1666666666666674e-01  0.0000000000000000e+00  2.8571428571428570e-01  1.0000000000000000e+00
54    5.0000000000000000e-01  0.0000000000000000e+00  2.8571428571428570e-01  1.0000000000000000e+00
55    0.0000000000000000e+00  2.8571428571428570e-01  2.8571428571428570e-01  1.0000000000000000e+00
56    8.3333333333333343e-02  2.8571428571428570e-01  2.8571428571428570e-01  1.0000000000000000e+00
57    2.5000000000000000e-01  2.8571428571428570e-01  2.8571428571428570e-01  1.0000000000000000e+00
58    4.1666666666666674e-01  2.8571428571428570e-01  2.8571428571428570e-01  1.0000000000000000e+00
59    5.0000000000000000e-01  2.8571428571428570e-01  2.8571428571428570e-01  1.0000000000000000e+00
60    0.0000000000000000e+00  8.5714285714285721e-01  2.8571428571428570e-01  1.0000000000000000e+00
61    8.3333333333333343e-02  8.5714285714285721e-01  2.8571428571428570e-01  1.0000000000000000e+00
62    2.5000000000000000e-01  8.5714285714285721e-01  2.8571428571428570e-01  1.0000000000000000e+00
63    4.1666666666666674e-01  8.5714285714285721e-01  2.8571428571428570e-01  1.0000000000000000e+00
64    5.0000000000000000e-01  8.5714285714285721e-01  2.8571428571428570e-01  1.0000000000000000e+00
65    0.0000000000000000e+00  1.7142857142857142e+00  2.8571428571428570e-01  9.9999999999999989e-01
66    8.3333333333333343e-02  1.7142857142857142e+00  2.8571428571428570e-01  9.9999999999999989e-01
67    2.5000000000000000e-01  1.7142857142857142e+00  2.8571428571428570e-01  9.9999999999999989e-01
68    4.1666666666666674e-01  1.7142857142857142e+00  2.8571428571428570e-01  9.9999999999999989e-01
69    5.0000000000000000e-01  1.7142857142857142e+00  2.8571428571428570e-01  9.9999999999999989e-01
70    0.0000000000000000e+00  2.5714285714285712e+00  2.8571428571428570e-01  1.0000000000000000e+00
71    8.3333333333333343e-02  2.5714285714285712e+00  2.8571428571428570e-01  1.0000000000000000e+00
72    2.5000000000000000e-01  2.5714285714285712e+00  2.8571428571428570e-01  1.0000000000000000e+00
73    4.1666666666666669e-01  2.5714285714285712e+00  2.8571428571428570e-01  1.0000000000000000e+00
74    5.0000000000000000e-01  2.5714285714285712e+00  2.8571428571428570e-01  1.0000000000000000e+00
75    0.0000000000000000e+00  3.4285714285714288e+00  2.8571428571428570e-01  1.0000000000000000e+00
76    8.3333333333333356e-02  3.4285714285714288e+00  2.8571428571428570e-01  1.0000000000000000e+00
77    2.5000000000000000e-01  3.4285714285714288e+00  2.8571428571428570e-01  1.0000000000000000e+00
78    4.1666666666666674e-01  3.4285714285714288e+00  2.8571428571428570e-01  1.0000000000000000e+00
79    5.0000000000000000e-01  3.4285714285714288e+00  2.8571428571428570e-01  1.0000000000000000e+00
80    0.0000000000000000e+00  4.2857142857142847e+00  2.8571428571428570e-01  1.0000000000000000e+00
81    8.3333333333333329e-02  4.2857142857142847e+00  2.8571428571428570e-01  1.0000000000000000e+00
82    2.5000000000000000e-01  4.2857142857142847e+00  2.8571428571428570e-01  1.0000000000000000e+00
83    4.1666666666666669e-01  4.2857142857142847e+00  2.8571428571428570e-01  1.0000000000000000e+00
84    5.0000000000000000e-01  4.2857142857142847e+00  2.8571428571428570e-01  1.0000000000000000e+00
85    0.0000000000000000e+00  5.1428571428571432e+00  2.8571428571428570e-01  1.0000000000000000e+00
86    8.3333333333333343e-02  5.1428571428571432e+00  2.8571428571428570e-01  1.0000000000000000e+00
87    2.5000000000000000e-01  5.1428571428571432e+00  2.8571428571428570e-01  1.0000000000000000e+00
88    4.1666666666666674e-01  5.1428571428571432e+00  2.8571428571428570e-01  1.0000000000000000e+00
89    5.0000000000000000e-01  5.1428571428571432e+00  2.8571428571428570e-01  1.0000000000000000e+00
90    0.0000000000000000e+00  5.7142857142857144e+00  2.8571428571428570e-01  1.0000000000000000e+00
91    8.3333333333333343e-02  5.7142857142857144e+00  2.8571428571428570e-01  1.0000000000000000e+00
92    2.5000000000000000e-01  5.7142857142857144e+00  2.8571428571428570e-01  1.0000000000000000e+00
93    4.1666666666666674e-01  5.7142857142857144e+00  2.8571428571428570e-01  1.0000000000000000e+00
94    5.0000000000000000e-01  5.7142857142857144e+00  2.8571428571428570e-01  1.0000000000000000e+00
95    0.0000000000000000e+00  6.0000000000000000e+00  2.8571428571428570e-01  1.0000000000000000e+00
96    8.3333333333333343e-02  6.0000000000000000e+00  2.8571428571428570e-01  1.0000000000000000e+00
97    2.5000000000000000e-01  6.0000000000000000e+00  2.8571428571428570e-01  1.0000000000000000e+00
98    4.1666666666666674e-01  6.0000000000000000e+00  2.8571428571428570e-01  1.0000000000000000e+00
99    5.0000000000000000e-01  6.0000000000000000e+00  2.8571428571428570e-01  1.0000000000000000e+00
100   0.0000000000000000e+00  0.0000000000000000e+00  8.5714285714285710e-01  1.0000000000000000e+00
101   8.3333333333333343e-02  0.0000000000000000e+00  8.5714285714285710e-01  1.0000000000000000e+00
102   2.5000000000000000e-01  0.0000000000000000e+00  8.5714285714285710e-01  1.0000000000000000e+00
103   4.1666666666666669e-01  0.0000000000000000e+00  8.5714285714285710e-01  1.0000000000000000e+00
104   5.0000000000000000e-01  0.0000000000000000e+00  8.5714285714285710e-01  1.0000000000000000e+00
105   0.0000000000000000e+00  2.8571428571428570e-01  8.5714285714285710e-01  1.0000000000000000e+00
106   8.3333333333333343e-02  2.8571428571428570e-01  8.5714285714285710e-01  1.0000000000000000e+00
107   2.5000000000000000e-01  2.8571428571428570e-01  8.5714285714285710e-01  1.0000000000000000e+00
108   4.1666666666666674e-01  2.8571428571428570e-01  8.5714285714285710e-01  1.0000000000000000e+00
109   5.0000000000000000e-01  2.8571428571428570e-01  8.5714285714285710e-01  1.0000000000000000e+00
110   0.0000000000000000e+00  8.5714285714285710e-01  8.5714285714285710e-01  1.0000000000000000e+00
111   8.3333333333333343e-02  8.5714285714285710e-01  8.5714285714285710e-01  1.0000000000000000e+00
112   2.5000000000000000e-01  8.5714285714285710e-01  8.5714285714285710e-01  1.0000000000000000e+00
113   4.1666666666666669e-01  8.5714285714285710e-01  8.5714285714285710e-01  1.0000000000000000e+00
114   5.0000000000000000e-01  8.5714285714285710e-01  8.5714285714285710e-01  1.0000000000000000e+00
115   0.0000000000000000e+00  1.7142857142857144e+00  8.5714285714285721e-01  9.9999999999999978e-01
116   8.3333333333333356e-02  1.7142857142857144e+00  8.5714285714285721e-01  9.9999999999999978e-01
117   2.5000000000000000e-01  1.7142857142857144e+00  8.5714285714285721e-01  9.9999999999999978e-01
118   4.1666666666666680e-01  1.7142857142857144e+00  8.5714285714285721e-01  9.9999999999999978e-01
119   5.0000000000000000e-01  1.7142857142857144e+00  8.5714285714285721e-01  9.9999999999999978e-01
120   0.0000000000000000e+00  2.5714285714285712e+00  8.5714285714285710e-01  1.0000000000000000e+00
121   8.3333333333333343e-02  2.5714285714285712e+00  8.5714285714285710e-01  1.0000000000000000e+00
122   2.5000000000000000e-01  2.5714285714285712e+00  8.5714285714285710e-01  1.0000000000000000e+00
123   4.1666666666666669e-01  2.5714285714285712e+00  8.5714285714285710e-01  1.0000000000000000e+00
124   5.0000000000000000e-01  2.5714285714285712e+00  8.5714285714285710e-01  1.0000000000000000e+00
125   0.0000000000000000e+00  3.4285714285714284e+00  8.5714285714285710e-01  1.0000000000000000e+00
126   8.3333333333333356e-02  3.4285714285714284e+00  8.5714285714285710e-01  1.0000000000000000e+00
127   2.5000000000000000e-01  3.4285714285714284e+00  8.5714285714285710e-01  1.0000000000000000e+00
128   4.1666666666666669e-01  3.4285714285714284e+00  8.5714285714285710e-01  1.0000000000000000e+00
129   5.0000000000000000e-01  3.4285714285714284e+00  8.5714285714285710e-01  1.0000000000000000e+00
130   0.0000000000000000e+00  4.2857142857142838e+00  8.5714285714285710e-01  1.0000000000000000e+00
131   8.3333333333333343e-02  4.2857142857142838e+00  8.5714285714285710e-01  1.0000000000000000e+00
132   2.5000000000000000e-01  4.2857142857142838e+00  8.5714285714285710e-01  1.0000000000000000e+00
133   4.1666666666666669e-01  4.2857142857142838e+00  8.5714285714285710e-01  1.0000000000000000e+00
134   5.0000000000000000e-01  4.2857142857142838e+00  8.5714285714285710e-01  1.0000000000000000e+00
135   0.0000000000000000e+00  5.1428571428571432e+00  8.5714285714285710e-01  1.0000000000000000e+00
136   8.3333333333333343e-02  5.1428571428571432e+00  8.5714285714285710e-01  1.0000000000000000e+00
137   2.5000000000000000e-01  5.1428571428571432e+00  8.5714285714285710e-01  1.0000000000000000e+00
138   4.1666666666666669e-01  5.1428571428571432e+00  8.5714285714285710e-01  1.0000000000000000e+00
139   5.0000000000000000e-01  5.1428571428571432e+00  8.5714285714285710e-01  1.0000000000000000e+00
140   0.0000000000000000e+00  5.7142857142857135e+00  8.5714285714285710e-01  1.0000000000000000e+00
141   8.3333333333333343e-02  5.7142857142857135e+00  8.5714285714285710e-01  1.0000000000000000e+00
142   2.5000000000000000e-01  5.7142857142857135e+00  8.5714285714285710e-01  1.0000000000000000e+00
143   4.1666666666666669e-01  5.7142857142857135e+00  8.5714285714285710e-01  1.0000000000000000e+00
144   5.0000000000000000e-01  5.7142857142857135e+00  8.5714285714285710e-01  1.0000000000000000e+00
145   0.0000000000000000e+00  6.0000000000000009e+00  8.5714285714285710e-01  1.0000000000000000e+00
146   8.3333333333333343e-02  6.0000000000000009e+00  8.5714285714285710e-01  1.0000000000000000e+00
147   2.5000000000000000e-01  6.0000000000000009e+00  8.5714285714285710e-01  1.0000000000000000e+00
148   4.1666666666666669e-01  6.0000000000000009e+00  8.5714285714285710e-01  1.0000000000000000e+00
149   5.0000000000000000e-01  6.0000000000000009e+00  8.5714285714285710e-01  1.0000000000000000e+00
150   0.0000000000000000e+00  0.0000000000000000e+00  1.7142857142857142e+00  9.9999999999999989e-01
151   8.3333333333333343e-02  0.0000000000000000e+00  1.7142857142857142e+00  9.9999999999999989e-01
152   2.5000000000000000e-01  0.0000000000000000e+00  1.7142857142857142e+00  9.9999999999999989e-01
153   4.1666666666666669e-01  0.0000000000000000e+00  1.7142857142857142e+00  9.9999999999999989e-01
154   5.0000000000000000e-01  0.0000000000000000e+00  1.7142857142857142e+00  9.9999999999999989e-01
155   0.0000000000000000e+00  2.8571428571428570e-01  1.7142857142857142e+00  9.9999999999999989e-01
156   8.3333333333333343e-02  2.8571428571428570e-01  1.7142857142857142e+00  9.9999999999999989e-01
157   2.5000000000000000e-01  2.8571428571428570e-01  1.7142857142857142e+00  9.9999999999999989e-01
158   4.1666666666666680e-01  2.8571428571428570e-01  1.7142857142857142e+00  9.9999999999999989e-01
159   5.0000000000000000e-01  2.8571428571428570e-01  1.7142857142857142e+00  9.9999999999999989e-01
160   0.0000000000000000e+00  8.5714285714285710e-01  1.7142857142857142e+00  9.9999999999999989e-01
161   8.3333333333333343e-02  8.5714285714285710e-01  1.7142857142857142e+00  9.9999999999999989e-01
162   2.5000000000000000e-01  8.5714285714285710e-01  1.7142857142857142e+00  9.9999999999999989e-01
163   4.1666666666666669e-01  8.5714285714285710e-01  1.7142857142857142e+00  9.9999999999999989e-01
164   5.0000000000000000e-01  8.5714285714285710e-01  1.7142857142857142e+00  9.9999999999999989e-01
165   0.0000000000000000e+00  1.7142857142857142e+00  1.7142857142857144e+00  9.9999999999999978e-01
166   8.3333333333333329e-02  1.7142857142857142e+00  1.7142857142857144e+00  9.9999999999999978e-01
167   2.5000000000000000e-01  1.7142857142857142e+00  1.7142857142857144e+00  9.9999999999999978e-01
168   4.1666666666666674e-01  1.7142857142857142e+00  1.7142857142857144e+00  9.9999999999999978e-01
169   5.0000000000000000e-01  1.7142857142857142e+00  1.7142857142857144e+00  9.9999999999999978e-01
170   0.0000000000000000e+00  2.5714285714285716e+00  1.7142857142857142e+00  9.9999999999999989e-01
171   8.3333333333333343e-02  2.5714285714285716e+00  1.7142857142857142e+00  9.9999999999999989e-01
172   2.5000000000000000e-01  2.5714285714285716e+00  1.7142857142857142e+00  9.9999999999999989e-01
173   4.1666666666666669e-01  2.5714285714285716e+00  1.7142857142857142e+00  9.9999999999999989e-01
174   5.0000000000000000e-01  2.5714285714285716e+00  1.7142857142857142e+00  9.9999999999999989e-01
175   0.0000000000000000e+00  3.4285714285714284e+00  1.7142857142857142e+00  9.9999999999999989e-01
176   8.3333333333333343e-02  3.4285714285714284e+00  1.7142857142857142e+00  9.9999999999999989e-01
177   2.5000000000000000e-01  3.4285714285714284e+00  1.7142857142857142e+00  9.9999999999999989e-01
178   4.1666666666666669e-01  3.4285714285714284e+00  1.7142857142857142e+00  9.9999999999999989e-01
179   5.0000000000000000e-01  3.4285714285714284e+00  1.7142857142857142e+00  9.9999999999999989e-01
180   0.0000000000000000e+00  4.2857142857142856e+00  1.7142857142857142e+00  9.9999999999999989e-01
181   8.3333333333333329e-02  4.2857142857142856e+00  1.7142857142857142e+00  9.9999999999999989e-01
182   2.5000000000000000e-01  4.2857142857142856e+00  1.7142857142857142e+00  9.9999999999999989e-01
183   4.1666666666666669e-01  4.2857142857142856e+00  1.7142857142857142e+00  9.9999999999999989e-01
184   5.0000000000000000e-01  4.2857142857142856e+00  1.7142857142857142e+00  9.9999999999999989e-01
185   0.0000000000000000e+00  5.1428571428571441e+00  1.7142857142857142e+00  9.9999999999999989e-01
186   8.3333333333333343e-02  5.1428571428571441e+00  1.7142857142857142e+00  9.9999999999999989e-01
187   2.5000000000000000e-01  5.1428571428571441e+00  1.7142857142857142e+00  9.9999999999999989e-01
188   4.1666666666666669e-01  5.1428571428571441e+00  1.7142857142857142e+00  9.9999999999999989e-01
189   5.0000000000000000e-01  5.1428571428571441e+00  1.7142857142857142e+00  9.9999999999999989e-01
190   0.0000000000000000e+00  5.7142857142857135e+00  1.7142857142857142e+00  9.9999999999999989e-01
191   8.3333333333333343e-02  5.7142857142857135e+00  1.7142857142857142e+00  9.9999999999999989e-01
192   2.5000000000000000e-01  5.7142857142857135e+00  1.7142857142857142e+00  9.9999999999999989e-01
193   4.1666666666666669e-01  5.7142857142857135e+00  1.7142857142857142e+00  9.9999999999999989e-01
194   5.0000000000000000e-01  5.7142857142857135e+00  1.7142857142857142e+00  9.9999999999999989e-01
195   0.0000000000000000e+00  5.9999999999999991e+00  1.7142857142857142e+00  9.9999999999999989e-01
196   8.3333333333333343e-02  5.9999999999999991e+00  1.7142857142857142e+00  9.9999999999999989e-01
197   2.5000000000000000e-01  5.9999999999999991e+00  1.7142857142857142e+00  9.9999999999999989e-01
198   4.1666666666666669e-01  5.9999999999999991e+00  1.7142857142857142e+00  9.9999999999999989e-01
199   5.0000000000000000e-01  5.9999999999999991e+00  1.7142857142857142e+00  9.9999999999999989e-01
200   0.0000000000000000e+00  0.0000000000000000e+00  2.5714285714285712e+00  1.0000000000000000e+00
201   8.3333333333333343e-02  0.0000000000000000e+00  2.5714285714285712e+00  1.0000000000000000e+00
202   2.5000000000000000e-01  0.0000000000000000e+00  2.5714285714285712e+00  1.0000000000000000e+00
203   4.1666666666666663e-01  0.0000000000000000e+00  2.5714285714285712e+00  1.0000000000000000e+00
204   5.0000000000000000e-01  0.0000000000000000e+00  2.5714285714285712e+00  1.0000000000000000e+00
205   0.0000000000000000e+00  2.8571428571428570e-01  2.5714285714285712e+00  1.0000000000000000e+00
206   8.3333333333333343e-02  2.8571428571428570e-01  2.5714285714285712e+00  1.0000000000000000e+00
207   2.5000000000000000e-01  2.8571428571428570e-01  2.5714285714285712e+00  1.0000000000000000e+00
208   4.1666666666666669e-01  2.8571428571428570e-01  2.5714285714285712e+00  1.0000000000000000e+00
209   5.0000000000000000e-01  2.8571428571428570e-01  2.5714285714285712e+00  1.0000000000000000e+00
210   0.0000000000000000e+00  8.5714285714285710e-01  2.5714285714285712e+00  1.0000000000000000e+00
211   8.3333333333333343e-02  8.5714285714285710e-01  2.5714285714285712e+00  1.0000000000000000e+00
212   2.5000000000000000e-01  8.5714285714285710e-01  2.5714285714285712e+00  1.0000000000000000e+00
213   4.1666666666666663e-01  8.5714285714285710e-01  2.5714285714285712e+00  1.0000000000000000e+00
214   5.0000000000000000e-01  8.5714285714285710e-01  2.5714285714285712e+00  1.0000000000000000e+00
215   0.0000000000000000e+00  1.7142857142857144e+00  2.5714285714285712e+00  9.9999999999999978e-01
216   8.3333333333333343e-02  1.7142857142857144e+00  2.5714285714285712e+00  9.9999999999999978e-01
217   2.5000000000000000e-01  1.7142857142857144e+00  2.5714285714285712e+00  9.9999999999999978e-01
218   4.1666666666666669e-01  1.7142857142857144e+00  2.5714285714285712e+00  9.9999999999999978e-01
219   5.0000000000000000e-01  1.7142857142857144e+00  2.5714285714285712e+00  9.9999999999999978e-01
220   0.0000000000000000e+00  2.5714285714285712e+00  2.5714285714285712e+00  1.0000000000000000e+00
221   8.3333333333333343e-02  2.5714285714285712e+00  2.5714285714285712e+00  1.0000000000000000e+00
222   2.5000000000000000e-01  2.5714285714285712e+00  2.5714285714285712e+00  1.0000000000000000e+00
223   4.1666666666666657e-01  2.5714285714285712e+00  2.5714285714285712e+00  1.0000000000000000e+00
224   5.0000000000000000e-01  2.5714285714285712e+00  2.5714285714285712e+00  1.0000000000000000e+00
225   0.0000000000000000e+00  3.4285714285714284e+00  2.5714285714285712e+00  1.0000000000000000e+00
226   8.3333333333333356e-02  3.4285714285714284e+00  2.5714285714285712e+00  1.0000000000000000e+00
227   2.5000000000000000e-01  3.4285714285714284e+00  2.5714285714285712e+00  1.0000000000000000e+00
228   4.1666666666666663e-01  3.4285714285714284e+00  2.5714285714285712e+00  1.0000000000000000e+00
229   5.0000000000000000e-01  3.4285714285714284e+00  2.5714285714285712e+00  1.0000000000000000e+00
230   0.0000000000000000e+00  4.2857142857142847e+00  2.5714285714285712e+00  1.0000000000000000e+00
231   8.3333333333333329e-02  4.2857142857142847e+00  2.5714285714285712e+00  1.0000000000000000e+00
232   2.5000000000000000e-01  4.2857142857142847e+00  2.5714285714285712e+00  1.0000000000000000e+00
233   4.1666666666666657e-01  4.2857142857142847e+00  2.5714285714285712e+00  1.0000000000000000e+00
234   5.0000000000000000e-01  4.2857142857142847e+00  2.5714285714285712e+00  1.0000000000000000e+00
235   0.0000000000000000e+00  5.1428571428571432e+00  2.5714285714285712e+00  1.0000000000000000e+00
236   8.3333333333333343e-02  5.1428571428571432e+00  2.5714285714285712e+00  1.0000000000000000e+00
237   2.5000000000000000e-01  5.1428571428571432e+00  2.5714285714285712e+00  1.0000000000000000e+00
238   4.1666666666666663e-01  5.1428571428571432e+00  2.5714285714285712e+00  1.0000000000000000e+00
239   5.0000000000000000e-01  5.1428571428571432e+00  2.5714285714285712e+00  1.0000000000000000e+00
240   0.0000000000000000e+00  5.7142857142857135e+00  2.5714285714285712e+00  1.0000000000000000e+00
241   8.3333333333333343e-02  5.7142857142857135e+00  2.5714285714285712e+00  1.0000000000000000e+00
242   2.5000000000000000e-01  5.7142857142857135e+00  2.5714285714285712e+00  1.0000000000000000e+00
243   4.1666666666666663e-01  5.7142857142857135e+00  2.5714285714285712e+00  1.0000000000000000e+00
244   5.0000000000000000e-01  5.7142857142857135e+00  2.5714285714285712e+00  1.0000000000000000e+00
245   0.0000000000000000e+00  6.0000000000000000e+00  2.5714285714285712e+00  1.0000000000000000e+00
246   8.3333333333333343e-02  6.0000000000000000e+00  2.5714285714285712e+00  1.0000000000000000e+00
247   2.5000000000000000e-01  6.0000000000000000e+00  2.5714285714285712e+00  1.0000000000000000e+00
248   4.1666666666666663e-01  6.0000000000000000e+00  2.5714285714285712e+00  1.0000000000000000e+00
249   5.0000000000000000e-01  6.0000000000000000e+00  2.5714285714285712e+00  1.0000000000000000e+00
250   0.0000000000000000e+00  0.0000000000000000e+00  3.4285714285714284e+00  1.0000000000000000e+00
251   8.3333333333333356e-02  0.0000000000000000e+00  3.4285714285714284e+00  1.0000000000000000e+00
252   2.5000000000000000e-01  0.0000000000000000e+00  3.4285714285714284e+00  1.0000000000000000e+00
253   4.1666666666666669e-01  0.0000000000000000e+00  3.4285714285714284e+00  1.0000000000000000e+00
254   5.0000000000000000e-01  0.0000000000000000e+00  3.4285714285714284e+00  1.0000000000000000e+00
255   0.0000000000000000e+00  2.8571428571428570e-01  3.4285714285714284e+00  1.0000000000000000e+00
256   8.3333333333333356e-02  2.8571428571428570e-01  3.4285714285714284e+00  1.0000000000000000e+00
257   2.5000000000000000e-01  2.8571428571428570e-01  3.4285714285714284e+00  1.0000000000000000e+00
258   4.1666666666666674e-01  2.8571428571428570e-01  3.4285714285714284e+00  1.0000000000000000e+00
259   5.0000000000000000e-01  2.8571428571428570e-01  3.4285714285714284e+00  1.0000000000000000e+00
260   0.0000000000000000e+00  8.5714285714285698e-01  3.4285714285714288e+00  1.0000000000000000e+00
261   8.3333333333333356e-02  8.5714285714285698e-01  3.4285714285714288e+00  1.0000000000000000e+00
262   2.5000000000000000e-01  8.5714285714285698e-01  3.4285714285714288e+00  1.0000000000000000e+00
263   4.1666666666666669e-01  8.5714285714285698e-01  3.4285714285714288e+00  1.0000000000000000e+00
264   5.0000000000000000e-01  8.5714285714285698e-01  3.4285714285714288e+00  1.0000000000000000e+00
265   0.0000000000000000e+00  1.7142857142857144e+00  3.4285714285714288e+00  9.9999999999999978e-01
266   8.3333333333333356e-02  1.7142857142857144e+00  3.4285714285714288e+00  9.9999999999999978e-01
267   2.5000000000000000e-01  1.7142857142857144e+00  3.4285714285714288e+00  9.9999999999999978e-01
268   4.1666666666666674e-01  1.7142857142857144e+00  3.4285714285714288e+00  9.9999999999999978e-01
269   5.0000000000000000e-01  1.7142857142857144e+00  3.4285714285714288e+00  9.9999999999999978e-01
270   0.0000000000000000e+00  2.5714285714285712e+00  3.4285714285714284e+00  1.0000000000000000e+00
271   8.3333333333333356e-02  2.5714285714285712e+00  3.4285714285714284e+00  1.0000000000000000e+00
272   2.5000000000000000e-01  2.5714285714285712e+00  3.4285714285714284e+00  1.0000000000000000e+00
273   4.1666666666666663e-01  2.5714285714285712e+00  3.4285714285714284e+00  1.0000000000000000e+00
274   5.0000000000000000e-01  2.5714285714285712e+00  3.4285714285714284e+00  1.0000000000000000e+00
275   0.0000000000000000e+00  3.4285714285714279e+00  3.4285714285714284e+00  1.0000000000000000e+00
276   8.3333333333333356e-02  3.4285714285714279e+00  3.4285714285714284e+00  1.0000000000000000e+00
277   2.5000000000000000e-01  3.4285714285714279e+00  3.4285714285714284e+00  1.0000000000000000e+00
278   4.1666666666666669e-01  3.4285714285714279e+00  3.4285714285714284e+00  1.0000000000000000e+00
279   5.0000000000000000e-01  3.4285714285714279e+00  3.4285714285714284e+00  1.0000000000000000e+00
280   0.0000000000000000e+00  4.2857142857142847e+00  3.4285714285714284e+00  1.0000000000000000e+00
281   8.3333333333333343e-02  4.2857142857142847e+00  3.4285714285714284e+00  1.0000000000000000e+00
282   2.5000000000000000e-01  4.2857142857142847e+00  3.4285714285714284e+00  1.0000000000000000e+00
283   4.1666666666666663e-01  4.2857142857142847e+00  3.4285714285714284e+00  1.0000000000000000e+00
284   5.0000000000000000e-01  4.2857142857142847e+00  3.4285714285714284e+00  1.0000000000000000e+00
285   0.0000000000000000e+00  5.1428571428571441e+00  3.4285714285714284e+00  1.0000000000000000e+00
286   8.3333333333333356e-02  5.1428571428571441e+00  3.4285714285714284e+00  1.0000000000000000e+00
287   2.5000000000000000e-01  5.1428571428571441e+00  3.4285714285714284e+00  1.0000000000000000e+00
288   4.1666666666666669e-01  5.1428571428571441e+00  3.4285714285714284e+00  1.0000000000000000e+00
289   5.0000000000000000e-01  5.1428571428571441e+00  3.4285714285714284e+00  1.0000000000000000e+00
290   0.0000000000000000e+00  5.7142857142857135e+00  3.4285714285714284e+00  1.0000000000000000e+00
291   8.3333333333333356e-02  5.7142857142857135e+00  3.4285714285714284e+00  1.0000000000000000e+00
292   2.5000000000000000e-01  5.7142857142857135e+00  3.4285714285714284e+00  1.0000000000000000e+00
293   4.1666666666666669e-01  5.7142857142857135e+00  3.4285714285714284e+00  1.0000000000000000e+00
294   5.0000000000000000e-01  5.7142857142857135e+00  3.4285714285714284e+00  1.0000000000000000e+00
295   0.0000000000000000e+00  6.0000000000000000e+00  3.4285714285714284e+00  1.0000000000000000e+00
296   8.3333333333333356e-02  6.0000000000000000e+00  3.4285714285714284e+00  1.0000000000000000e+00
297   2.5000000000000000e-01  6.0000000000000000e+00  3.4285714285714284e+00  1.0000000000000000e+00
298   4.1666666666666669e-01  6.0000000000000000e+00  3.4285714285714284e+00  1.0000000000000000e+00
299   5.0000000000000000e-01  6.0000000000000000e+00  3.4285714285714284e+00  1.0000000000000000e+00
300   0.0000000000000000e+00  0.0000000000000000e+00  4.2857142857142847e+00  1.0000000000000000e+00
301   8.3333333333333329e-02  0.0000000000000000e+00  4.2857142857142847e+00  1.0000000000000000e+00
302   2.5000000000000000e-01  0.0000000000000000e+00  4.2857142857142847e+00  1.0000000000000000e+00
303   4.1666666666666663e-01  0.0000000000000000e+00  4.2857142857142847e+00  1.0000000000000000e+00
304   5.0000000000000000e-01  0.0000000000000000e+00  4.2857142857142847e+00  1.0000000000000000e+00
305   0.0000000000000000e+00  2.8571428571428570e-01  4.2857142857142847e+00  1.0000000000000000e+00
306   8.3333333333333329e-02  2.8571428571428570e-01  4.2857142857142847e+00  1.0000000000000000e+00
307   2.5000000000000000e-01  2.8571428571428570e-01  4.2857142857142847e+00  1.0000000000000000e+00
308   4.1666666666666674e-01  2.8571428571428570e-01  4.2857142857142847e+00  1.0000000000000000e+00
309   5.0000000000000000e-01  2.8571428571428570e-01  4.2857142857142847e+00  1.0000000000000000e+00
310   0.0000000000000000e+00  8.5714285714285698e-01  4.2857142857142856e+00  1.0000000000000000e+00
311   8.3333333333333329e-02  8.5714285714285698e-01  4.2857142857142856e+00  1.0000000000000000e+00
312   2.5000000000000000e-01  8.5714285714285698e-01  4.2857142857142856e+00  1.0000000000000000e+00
313   4.1666666666666663e-01  8.5714285714285698e-01  4.2857142857142856e+00  1.0000000000000000e+00
314   5.0000000000000000e-01  8.5714285714285698e-01  4.2857142857142856e+00  1.0000000000000000e+00
315   0.0000000000000000e+00  1.7142857142857144e+00  4.2857142857142856e+00  9.9999999999999978e-01
316   8.3333333333333329e-02  1.7142857142857144e+00  4.2857142857142856e+00  9.9999999999999978e-01
317   2.5000000000000000e-01  1.7142857142857144e+00  4.2857142857142856e+00  9.9999999999999978e-01
318   4.1666666666666669e-01  1.7142857142857144e+00  4.2857142857142856e+00  9.9999999999999978e-01
319   5.0000000000000000e-01  1.7142857142857144e+00  4.2857142857142856e+00  9.9999999999999978e-01
320   0.0000000000000000e+00  2.5714285714285712e+00  4.2857142857142847e+00  1.0000000000000000e+00
321   8.3333333333333329e-02  2.5714285714285712e+00  4.2857142857142847e+00  1.0000000000000000e+00
322   2.5000000000000000e-01  2.5714285714285712e+00  4.2857142857142847e+00  1.0000000000000000e+00
323   4.1666666666666657e-01  2.5714285714285712e+00  4.2857142857142847e+00  1.0000000000000000e+00
324   5.0000000000000000e-01  2.5714285714285712e+00  4.2857142857142847e+00  1.0000000000000000e+00
325   0.0000000000000000e+00  3.4285714285714279e+00  4.2857142857142847e+00  1.0000000000000000e+00
326   8.3333333333333343e-02  3.4285714285714279e+00  4.2857142857142847e+00  1.0000000000000000e+00
327   2.5000000000000000e-01  3.4285714285714279e+00  4.2857142857142847e+00  1.0000000000000000e+00
328   4.1666666666666663e-01  3.4285714285714279e+00  4.2857142857142847e+00  1.0000000000000000e+00
329   5.0000000000000000e-01  3.4285714285714279e+00  4.2857142857142847e+00  1.0000000000000000e+00
330   0.0000000000000000e+00  4.2857142857142847e+00  4.2857142857142847e+00  1.0000000000000000e+00
331   8.3333333333333315e-02  4.2857142857142847e+00  4.2857142857142847e+00  1.0000000000000000e+00
332   2.5000000000000000e-01  4.2857142857142847e+00  4.2857142857142847e+00  1.0000000000000000e+00
333   4.1666666666666657e-01  4.2857142857142847e+00  4.2857142857142847e+00  1.0000000000000000e+00
334   5.0000000000000000e-01  4.2857142857142847e+00  4.2857142857142847e+00  1.0000000000000000e+00
335   0.0000000000000000e+00  5.1428571428571432e+00  4.2857142857142847e+00  1.0000000000000000e+00
336   8.3333333333333329e-02  5.1428571428571432e+00  4.2857142857142847e+00  1.0000000000000000e+00
337   2.5000000000000000e-01  5.1428571428571432e+00  4.2857142857142847e+00  1.0000000000000000e+00
338   4.1666666666666663e-01  5.1428571428571432e+00  4.2857142857142847e+00  1.0000000000000000e+00
339   5.0000000000000000e-01  5.1428571428571432e+00  4.2857142857142847e+00  1.0000000000000000e+00
340   0.0000000000000000e+00  5.7142857142857135e+00  4.2857142857142847e+00  1.0000000000000000e+00
341   8.3333333333333329e-02  5.7142857142857135e+00  4.2857142857142847e+00  1.0000000000000000e+00
342   2.5000000000000000e-01  5.7142857142857135e+00  4.2857142857142847e+00  1.0000000000000000e+00
343   4.1666666666666663e-01  5.7142857142857135e+00  4.2857142857142847e+00  1.0000000000000000e+00
344   5.0000000000000000e-01  5.7142857142857135e+00  4.2857142857142847e+00  1.0000000000000000e+00
345   0.0000000000000000e+00  5.9999999999999991e+00  4.2857142857142847e+00  1.0000000000000000e+00
346   8.3333333333333329e-02  5.9999999999999991e+00  4.2857142857142847e+00  1.0000000000000000e+00
347   2.5000000000000000e-01  5.9999999999999991e+00  4.2857142857142847e+00  1.0000000000000000e+00
348   4.1666666666666663e-01  5.9999999999999991e+00  4.2857142857142847e+00  1.0000000000000000e+00
349   5.0000000000000000e-01  5.9999999999999991e+00  4.2857142857142847e+00  1.0000000000000000e+00
350   0.0000000000000000e+00  0.0000000000000000e+00  5.1428571428571432e+00  1.0000000000000000e+00
351   8.3333333333333343e-02  0.0000000000000000e+00  5.1428571428571432e+00  1.0000000000000000e+00
352   2.5000000000000000e-01  0.0000000000000000e+00  5.1428571428571432e+00  1.0000000000000000e+00
353   4.1666666666666669e-01  0.0000000000000000e+00  5.1428571428571432e+00  1.0000000000000000e+00
354   5.0000000000000000e-01  0.0000000000000000e+00  5.1428571428571432e+00  1.0000000000000000e+00
355   0.0000000000000000e+00  2.8571428571428570e-01  5.1428571428571432e+00  1.0000000000000000e+00
356   8.3333333333333343e-02  2.8571428571428570e-01  5.1428571428571432e+00  1.0000000000000000e+00
357   2.5000000000000000e-01  2.8571428571428570e-01  5.1428571428571432e+00  1.0000000000000000e+00
358   4.1666666666666674e-01  2.8571428571428570e-01  5.1428571428571432e+00  1.0000000000000000e+00
359   5.0000000000000000e-01  2.8571428571428570e-01  5.1428571428571432e+00  1.0000000000000000e+00
360   0.0000000000000000e+00  8.5714285714285710e-01  5.1428571428571432e+00  1.0000000000000000e+00
361   8.3333333333333343e-02  8.5714285714285710e-01  5.1428571428571432e+00  1.0000000000000000e+00
362   2.5000000000000000e-01  8.5714285714285710e-01  5.1428571428571432e+00  1.0000000000000000e+00
363   4.1666666666666669e-01  8.5714285714285710e-01  5.1428571428571432e+00  1.0000000000000000e+00
364   5.0000000000000000e-01  8.5714285714285710e-01  5.1428571428571432e+00  1.0000000000000000e+00
365   0.0000000000000000e+00  1.7142857142857144e+00  5.1428571428571432e+00  9.9999999999999978e-01
366   8.3333333333333356e-02  1.7142857142857144e+00  5.1428571428571432e+00  9.9999999999999978e-01
367   2.5000000000000000e-01  1.7142857142857144e+00  5.1428571428571432e+00  9.9999999999999978e-01
368   4.1666666666666674e-01  1.7142857142857144e+00  5.1428571428571432e+00  9.9999999999999978e-01
369   5.0000000000000000e-01  1.7142857142857144e+00  5.1428571428571432e+00  9.9999999999999978e-01
370   0.0000000000000000e+00  2.5714285714285712e+00  5.1428571428571432e+00  1.0000000000000000e+00
371   8.3333333333333343e-02  2.5714285714285712e+00  5.1428571428571432e+00  1.0000000000000000e+00
372   2.5000000000000000e-01  2.5714285714285712e+00  5.1428571428571432e+00  1.0000000000000000e+00
373   4.1666666666666663e-01  2.5714285714285712e+00  5.1428571428571432e+00  1.0000000000000000e+00
374   5.0000000000000000e-01  2.5714285714285712e+00  5.1428571428571432e+00  1.0000000000000000e+00
375   0.0000000000000000e+00  3.4285714285714284e+00  5.1428571428571432e+00  1.0000000000000000e+00
376   8.3333333333333356e-02  3.4285714285714284e+00  5.1428571428571432e+00  1.0000000000000000e+00
377   2.5000000000000000e-01  3.4285714285714284e+00  5.1428571428571432e+00  1.0000000000000000e+00
378   4.1666666666666669e-01  3.4285714285714284e+00  5.1428571428571432e+00  1.0000000000000000e+00
379   5.0000000000000000e-01  3.4285714285714284e+00  5.1428571428571432e+00  1.0000000000000000e+00
380   0.0000000000000000e+00  4.2857142857142847e+00  5.1428571428571423e+00  1.0000000000000000e+00
381   8.3333333333333343e-02  4.2857142857142847e+00  5.1428571428571423e+00  1.0000000000000000e+00
382   2.5000000000000000e-01  4.2857142857142847e+00  5.1428571428571423e+00  1.0000000000000000e+00
383   4.1666666666666663e-01  4.2857142857142847e+00  5.1428571428571423e+00  1.0000000000000000e+00
384   5.0000000000000000e-01  4.2857142857142847e+00  5.1428571428571423e+00  1.0000000000000000e+00
385   0.0000000000000000e+00  5.1428571428571432e+00  5.1428571428571432e+00  1.0000000000000000e+00
386   8.3333333333333343e-02  5.1428571428571432e+00  5.1428571428571432e+00  1.0000000000000000e+00
387   2.5000000000000000e-01  5.1428571428571432e+00  5.1428571428571432e+00  1.0000000000000000e+00
388   4.1666666666666669e-01  5.1428571428571432e+00  5.1428571428571432e+00  1.0000000000000000e+00
389   5.0000000000000000e-01  5.1428571428571432e+00  5.1428571428571432e+00  1.0000000000000000e+00
390   0.0000000000000000e+00  5.7142857142857135e+00  5.1428571428571432e+00  1.0000000000000000e+00
391   8.3333333333333343e-02  5.7142857142857135e+00  5.1428571428571432e+00  1.0000000000000000e+00
392   2.5000000000000000e-01  5.7142857142857135e+00  5.1428571428571432e+00  1.0000000000000000e+00
393   4.1666666666666669e-01  5.7142857142857135e+00  5.1428571428571432e+00  1.0000000000000000e+00
394   5.0000000000000000e-01  5.7142857142857135e+00  5.1428571428571432e+00  1.0000000000000000e+00
395   0.0000000000000000e+00  6.0000000000000000e+00  5.1428571428571432e+00  1.0000000000000000e+00
396   8.3333333333333343e-02  6.0000000000000000e+00  5.1428571428571432e+00  1.0000000000000000e+00
397   2.5000000000000000e-01  6.0000000000000000e+00  5.1428571428571432e+00  1.0000000000000000e+00
398   4.1666666666666669e-01  6.0000000000000000e+00  5.1428571428571432e+00  1.0000000000000000e+00
399   5.0000000000000000e-01  6.0000000000000000e+00  5.1428571428571432e+00  1.0000000000000000e+00
400   0.0000000000000000e+00  0.0000000000000000e+00  5.7142857142857135e+00  1.0000000000000000e+00
401   8.3333333333333343e-02  0.0000000000000000e+00  5.7142857142857135e+00  1.0000000000000000e+00
402   2.5000000000000000e-01  0.0000000000000000e+00  5.7142857142857135e+00  1.0000000000000000e+00
403   4.1666666666666669e-01  0.0000000000000000e+00  5.7142857142857135e+00  1.0000000000000000e+00
404   5.0000000000000000e-01  0.0000000000000000e+00  5.7142857142857135e+00  1.0000000000000000e+00
405   0.0000000000000000e+00  2.8571428571428570e-01  5.7142857142857135e+00  1.0000000000000000e+00
406   8.3333333333333343e-02  2.8571428571428570e-01  5.7142857142857135e+00  1.0000000000000000e+00
407   2.5000000000000000e-01  2.8571428571428570e-01  5.7142857142857135e+00  1.0000000000000000e+00
408   4.1666666666666674e-01  2.8571428571428570e-01  5.7142857142857135e+00  1.0000000000000000e+00
409   5.0000000000000000e-01  2.8571428571428570e-01  5.7142857142857135e+00  1.0000000000000000e+00
410   0.0000000000000000e+00  8.5714285714285710e-01  5.7142857142857153e+00  1.0000000000000000e+00
411   8.3333333333333343e-02  8.5714285714285710e-01  5.7142857142857153e+00  1.0000000000000000e+00
412   2.5000000000000000e-01  8.5714285714285710e-01  5.7142857142857153e+00  1.0000000000000000e+00
413   4.1666666666666669e-01  8.5714285714285710e-01  5.7142857142857153e+00  1.0000000000000000e+00
414   5.0000000000000000e-01  8.5714285714285710e-01  5.7142857142857153e+00  1.0000000000000000e+00
415   0.0000000000000000e+00  1.7142857142857142e+00  5.7142857142857135e+00  9.9999999999999989e-01
416   8.3333333333333343e-02  1.7142857142857142e+00  5.7142857142857135e+00  9.9999999999999989e-01
417   2.5000000000000000e-01  1.7142857142857142e+00  5.7142857142857135e+00  9.9999999999999989e-01
418   4.1666666666666669e-01  1.7142857142857142e+00  5.7142857142857135e+00  9.9999999999999989e-01
419   5.0000000000000000e-01  1.7142857142857142e+00  5.7142857142857135e+00  9.9999999999999989e-01
420   0.0000000000000000e+00  2.5714285714285712e+00  5.7142857142857135e+00  1.0000000000000000e+00
421   8.3333333333333343e-02  2.5714285714285712e+00  5.7142857142857135e+00  1.0000000000000000e+00
422   2.5000000000000000e-01  2.5714285714285712e+00  5.7142857142857135e+00  1.0000000000000000e+00
423   4.1666666666666663e-01  2.5714285714285712e+00  5.7142857142857135e+00  1.0000000000000000e+00
424   5.0000000000000000e-01  2.5714285714285712e+00  5.7142857142857135e+00  1.0000000000000000e+00
425   0.0000000000000000e+00  3.4285714285714284e+00  5.7142857142857135e+00  1.0000000000000000e+00
426   8.3333333333333356e-02  3.4285714285714284e+00  5.7142857142857135e+00  1.0000000000000000e+00
427   2.5000000000000000e-01  3.4285714285714284e+00  5.7142857142857135e+00  1.0000000000000000e+00
428   4.1666666666666669e-01  3.4285714285714284e+00  5.7142857142857135e+00  1.0000000000000000e+00
429   5.0000000000000000e-01  3.4285714285714284e+00  5.7142857142857135e+00  1.0000000000000000e+00
430   0.0000000000000000e+00  4.2857142857142847e+00  5.7142857142857135e+00  1.0000000000000000e+00
431   8.3333333333333329e-02  4.2857142857142847e+00  5.7142857142857135e+00  1.0000000000000000e+00
432   2.5000000000000000e-01  4.2857142857142847e+00  5.7142857142857135e+00  1.0000000000000000e+00
433   4.1666666666666663e-01  4.2857142857142847e+00  5.7142857142857135e+00  1.0000000000000000e+00
434   5.0000000000000000e-01  4.2857142857142847e+00  5.7142857142857135e+00  1.0000000000000000e+00
435   0.0000000000000000e+00  5.1428571428571432e+00  5.7142857142857135e+00  1.0000000000000000e+00
436   8.3333333333333343e-02  5.1428571428571432e+00  5.7142857142857135e+00  1.0000000000000000e+00
437   2.5000000000000000e-01  5.1428571428571432e+00  5.7142857142857135e+00  1.0000000000000000e+00
438   4.1666666666666669e-01  5.1428571428571432e+00  5.7142857142857135e+00  1.0000000000000000e+00
439   5.0000000000000000e-01  5.1428571428571432e+00  5.7142857142857135e+00  1.0000000000000000e+00
440   0.0000000000000000e+00  5.7142857142857135e+00  5.7142857142857135e+00  1.0000000000000000e+00
441   8.3333333333333343e-02  5.7142857142857135e+00  5.7142857142857135e+00  1.0000000000000000e+00
442   2.5000000000000000e-01  5.7142857142857135e+00  5.7142857142857135e+00  1.0000000000000000e+00
443   4.1666666666666669e-01  5.7142857142857135e+00  5.7142857142857135e+00  1.0000000000000000e+00
444   5.0000000000000000e-01  5.7142857142857135e+00  5.7142857142857135e+00  1.0000000000000000e+00
445   0.0000000000000000e+00  6.0000000000000000e+00  5.7142857142857135e+00  1.0000000000000000e+00
446   8.3333333333333343e-02  6.0000000000000000e+00  5.7142857142857135e+00  1.0000000000000000e+00
447   2.5000000000000000e-01  6.0000000000000000e+00  5.7142857142857135e+00  1.0000000000000000e+00
448   4.1666666666666669e-01  6.0000000000000000e+00  5.7142857142857135e+00  1.0000000000000000e+00
449   5.0000000000000000e-01  6.0000000000000000e+00  5.7142857142857135e+00  1.0000000000000000e+00
450   0.0000000000000000e+00  0.0000000000000000e+00  6.0000000000000000e+00  1.0000000000000000e+00
451   8.3333333333333343e-02  0.0000000000000000e+00  6.0000000000000000e+00  1.0000000000000000e+00
452   2.5000000000000000e-01  0.0000000000000000e+00  6.0000000000000000e+00  1.0000000000000000e+00
453   4.1666666666666669e-01  0.0000000000000000e+00  6.0000000000000000e+00  1.0000000000000000e+00
454   5.0000000000000000e-01  0.0000000000000000e+00  6.0000000000000000e+00  1.0000000000000000e+00
455   0.0000000000000000e+00  2.8571428571428570e-01  6.0000000000000000e+00  1.0000000000000000e+00
456   8.3333333333333343e-02  2.8571428571428570e-01  6.0000000000000000e+00  1.0000000000000000e+00
457   2.5000000000000000e-01  2.8571428571428570e-01  6.0000000000000000e+00  1.0000000000000000e+00
458   4.1666666666666674e-01  2.8571428571428570e-01  6.0000000000000000e+00  1.0000000000000000e+00
459   5.0000000000000000e-01  2.8571428571428570e-01  6.0000000000000000e+00  1.0000000000000000e+00
460   0.0000000000000000e+00  8.5714285714285710e-01  6.0000000000000009e+00  1.0000000000000000e+00
461   8.3333333333333343e-02  8.5714285714285710e-01  6.0000000000000009e+00  1.0000000000000000e+00
462   2.5000000000000000e-01  8.5714285714285710e-01  6.0000000000000009e+00  1.0000000000000000e+00
463   4.1666666666666669e-01  8.5714285714285710e-01  6.0000000000000009e+00  1.0000000000000000e+00
464   5.0000000000000000e-01  8.5714285714285710e-01  6.0000000000000009e+00  1.0000000000000000e+00
465   0.0000000000000000e+00  1.7142857142857142e+00  5.9999999999999991e+00  9.9999999999999989e-01
466   8.3333333333333343e-02  1.7142857142857142e+00  5.9999999999999991e+00  9.9999999999999989e-01
467   2.5000000000000000e-01  1.7142857142857142e+00  5.9999999999999991e+00  9.9999999999999989e-01
468   4.1666666666666669e-01  1.7142857142857142e+00  5.9999999999999991e+00  9.9999999999999989e-01
469   5.0000000000000000e-01  1.7142857142857142e+00  5.9999999999999991e+00  9.9999999999999989e-01
470   0.0000000000000000e+00  2.5714285714285712e+00  6.0000000000000000e+00  1.0000000000000000e+00
471   8.3333333333333343e-02  2.5714285714285712e+00  6.0000000000000000e+00  1.0000000000000000e+00
472   2.5000000000000000e-01  2.5714285714285712e+00  6.0000000000000000e+00  1.0000000000000000e+00
473   4.1666666666666663e-01  2.5714285714285712e+00  6.0000000000000000e+00  1.0000000000000000e+00
474   5.0000000000000000e-01  2.5714285714285712e+00  6.0000000000000000e+00  1.0000000000000000e+00
475   0.0000000000000000e+00  3.4285714285714284e+00  6.0000000000000000e+00  1.0000000000000000e+00
476   8.3333333333333356e-02  3.4285714285714284e+00  6.0000000000000000e+00  1.0000000000000000e+00
477   2.5000000000000000e-01  3.4285714285714284e+00  6.0000000000000000e+00  1.0000000000000000e+00
478   4.1666666666666669e-01  3.4285714285714284e+00  6.0000000000000000e+00  1.0000000000000000e+00
479   5.0000000000000000e-01  3.4285714285714284e+00  6.0000000000000000e+00  1.0000000000000000e+00
480   0.0000000000000000e+00  4.2857142857142847e+00  5.9999999999999991e+00  1.0000000000000000e+00
481   8.3333333333333329e-02  4.2857142857142847e+00  5.9999999999999991e+00  1.0000000000000000e+00
482   2.5000000000000000e-01  4.2857142857142847e+00  5.9999999999999991e+00  1.0000000000000000e+00
483   4.1666666666666663e-01  4.2857142857142847e+00  5.9999999999999991e+00  1.0000000000000000e+00
484   5.0000000000000000e-01  4.2857142857142847e+00  5.9999999999999991e+00  1.0000000000000000e+00
485   0.0000000000000000e+00  5.1428571428571432e+00  6.0000000000000000e+00  1.0000000000000000e+00
486   8.3333333333333343e-02  5.1428571428571432e+00  6.0000000000000000e+00  1.0000000000000000e+00
487   2.5000000000000000e-01  5.1428571428571432e+00  6.0000000000000000e+00  1.0000000000000000e+00
488   4.1666666666666669e-01  5.1428571428571432e+00  6.0000000000000000e+00  1.0000000000000000e+00
489   5.0000000000000000e-01  5.1428571428571432e+00  6.0000000000000000e+00  1.0000000000000000e+00
490   0.0000000000000000e+00  5.7142857142857135e+00  6.0000000000000000e+00  1.0000000000000000e+00
491   8.3333333333333343e-02  5.7142857142857135e+00  6.0000000000000000e+00  1.0000000000000000e+00
492   2.5000000000000000e-01  5.7142857142857135e+00  6.0000000000000000e+00  1.0000000000000000e+00
493   4.1666666666666669e-01  5.7142857142857135e+00  6.0000000000000000e+00  1.0000000000000000e+00
494   5.0000000000000000e-01  5.7142857142857135e+00  6.0000000000000000e+00  1.0000000000000000e+00
495   0.0000000000000000e+00  6.0000000000000000e+00  6.0000000000000000e+00  1.0000000000000000e+00
496   8.3333333333333343e-02  6.0000000000000000e+00  6.0000000000000000e+00  1.0000000000000000e+00
497   2.5000000000000000e-01  6.0000000000000000e+00  6.0000000000000000e+00  1.0000000000000000e+00
498   4.1666666666666669e-01  6.0000000000000000e+00  6.0000000000000000e+00  1.0000000000000000e+00
499   5.0000000000000000e-01  6.0000000000000000e+00  6.0000000000000000e+00  1.0000000000000000e+00

0    2    0.000000e+00
1    2    0.000000e+00
2    2    0.000000e+00
3    2    0.000000e+00
4    2    0.000000e+00
5    2    0.000000e+00
6    2    0.000000e+00
7    2    0.000000e+00
8    2    0.000000e+00
9    2    0.000000e+00
10   2    0.000000e+00
11   2    0.000000e+00
12   2    0.000000e+00
13   2    0.000000e+00
14   2    0.000000e+00
15   2    0.000000e+00
16   2    0.000000e+00
17   2    0.000000e+00
18   2    0.000000e+00
19   2    0.000000e+00
20   2    0.000000e+00
21   2    0.000000e+00
22   2    0.000000e+00
23   2    0.000000e+00
24   2    0.000000e+00
25   2    0.000000e+00
26   2    0.000000e+00
27   2    0.000000e+00
28   2    0.000000e+00
29   2    0.000000e+00
30   2    0.000000e+00
31   2    0.000000e+00
32   2    0.000000e+00
33   2    0.000000e+00
34   2    0.000000e+00
35   2    0.000000e+00
36   2    0.000000e+00
37   2    0.000000e+00
38   2    0.000000e+00
39   2    0.000000e+00
40   2    0.000000e+00
41   2    0.000000e+00
42   2    0.000000e+00
43   2    0.000000e+00
44   2    0.000000e+00
45   2    0.000000e+00
46   2    0.000000e+00
47   2    0.000000e+00
48   2    0.000000e+00
49   2    0.000000e+00
450  2    1.000000e+00
451  2    1.000000e+00
452  2    1.000000e+00
453  2    1.000000e+00
454  2    1.000000e+00
455  2    1.000000e+00
456  2    1.000000e+00
457  2    1.000000e+00
458  2    1.000000e+00
459  2    1.000000e+00
460  2    1.000000e+00
461  2    1.000000e+00
462  2    1.000000e+00
463  2    1.000000e+00
464  2    1.000000e+00
465  2    1.000000e+00
466  2    1.000000e+00
467  2    1.000000e+00
468  2    1.000000e+00
469  2    1.000000e+00
470  2    1.000000e+00
471  2    1.000000e+00
472  2    1.000000e+00
473  2    1.000000e+00
474  2    1.000000e+00
475  2    1.000000e+00
476  2    1.000000e+00
477  2    1.000000e+00
478  2    1.000000e+00
479  2    1.000000e+00
480  2    1.000000e+00
481  2    1.000000e+00
482  2    1.000000e+00
483  2    1.000000e+00
484  2    1.000000e+00
485  2    1.000000e+00
486  2    1.000000e+00
487  2    1.000000e+00
488  2    1.000000e+00
489  2    1.000000e+00
490  2    1.000000e+00
491  2    1.000000e+00
492  2    1.000000e+00
493  2    1.000000e+00
494  2    1.000000e+00
495  2    1.000000e+00
496  2    1.000000e+00
497  2    1.000000e+00
498  2    1.000000e+00
499  2    1.000000e+00
0    0    0.000000e+00
0    1    0.000000e+00
450  0    0.000000e+00
450  1    0.000000e+00
45   0    0.000000e+00