3

1000  3.000000e-01

1

343

3    3    3

11   11   11

7    7    7

0    1    2    3    4    5    6    7    8    9    10   11   12   13   14   15   16   17   18   19   20   21   22   23   24   25   26   27   28   29   30   31   32   33   34   35   36   37   38   39   40   41   42   43   44   45   46   47   48   49   50   51   52   53   54   55   56   57   58   59   60   61   62   63   64   65   66   67   68   69   70   71   72   73   74   75   76   77   78   79   80   81   82   83   84   85   86   87   88   89   90   91   92   93   94   95   96   97   98   99   100  101  102  103  104  105  106  107  108  109  110  111  112  113  114  115  116  117  118  119  120  121  122  123  124  125  126  127  128  129  130  131  132  133  134  135  136  137  138  139  140  141  142  143  144  145  146  147  148  149  150  151  152  153  154  155  156  157  158  159  160  161  162  163  164  165  166  167  168  169  170  171  172  173  174  175  176  177  178  179  180  181  182  183  184  185  186  187  188  189  190  191  192  193  194  195  196  197  198  199  200  201  202  203  204  205  206  207  208  209  210  211  212  213  214  215  216  217  218  219  220  221  222  223  224  225  226  227  228  229  230  231  232  233  234  235  236  237  238  239  240  241  242  243  244  245  246  247  248  249  250  251  252  253  254  255  256  257  258  259  260  261  262  263  264  265  266  267  268  269  270  271  272  273  274  275  276  277  278  279  280  281  282  283  284  285  286  287  288  289  290  291  292  293  294  295  296  297  298  299  300  301  302  303  304  305  306  307  308  309  310  311  312  313  314  315  316  317  318  319  320  321  322  323  324  325  326  327  328  329  330  331  332  333  334  335  336  337  338  339  340  341  342

147  0    1

0.0000000000000000e+00  0.0000000000000000e+00  0.0000000000000000e+00  0.0000000000000000e+00  2.5000000000000000e-01  5.0000000000000000e-01  7.5000000000000000e-01  1.0000000000000000e+00  1.0000000000000000e+00  1.0000000000000000e+00  1.0000000000000000e+00
0.0000000000000000e+00  0.0000000000000000e+00  0.0000000000000000e+00  0.0000000000000000e+00  2.5000000000000000e-01  5.0000000000000000e-01  7.5000000000000000e-01  1.0000000000000000e+00  1.0000000000000000e+00  1.0000000000000000e+00  1.0000000000000000e+00
0.0000000000000000e+00  0.0000000000000000e+00  0.0000000000000000e+00  0.0000000000000000e+00  2.5000000000000000e-01  5.0000000000000000e-01  7.5000000000000000e-01  1.0000000000000000e+00  1.0000000000000000e+00  1.0000000000000000e+00  1.0000000000000000e+00

0     0.0000000000000000e+00  0.0000000000000000e+00  0.0000000000000000e+00  1.0000000000000000e+00
1     1.0000000000000000e+00  0.0000000000000000e+00  0.0000000000000000e+00  1.0000000000000000e+00
2     3.0000000000000000e+00  0.0000000000000000e+00  0.0000000000000000e+00  1.0000000000000000e+00
3     6.0000000000000000e+00  0.0000000000000000e+00  0.0000000000000000e+00  1.0000000000000000e+00
4     9.0000000000000000e+00  0.0000000000000000e+00  0.0000000000000000e+00  1.0000000000000000e+00
5     1.1000000000000000e+01  0.0000000000000000e+00  0.0000000000000000e+00  1.0000000000000000e+00
6     1.2000000000000000e+01  0.0000000000000000e+00  0.0000000000000000e+00  1.0000000000000000e+00
7     0.0000000000000000e+00  5.0000000000000000e-01  0.0000000000000000e+00  1.0000000000000000e+00
8     1.0000000000000000e+00  5.0000000000000000e-01  0.0000000000000000e+00  1.0000000000000000e+00
9     3.0000000000000000e+00  5.0000000000000000e-01  0.0000000000000000e+00  1.0000000000000000e+00
10    6.0000000000000000e+00  5.0000000000000000e-01  0.0000000000000000e+00  1.0000000000000000e+00
11    9.0000000000000000e+00  5.0000000000000000e-01  0.0000000000000000e+00  1.0000000000000000e+00
12    1.1000000000000000e+01  5.0000000000000000e-01  0.0000000000000000e+00  1.0000000000000000e+00
13    1.2000000000000000e+01  5.0000000000000000e-01  0.0000000000000000e+00  1.0000000000000000e+00
14    0.0000000000000000e+00  1.5000000000000000e+00  0.0000000000000000e+00  1.0000000000000000e+00
15    1.0000000000000000e+00  1.5000000000000000e+00  0.0000000000000000e+00  1.0000000000000000e+00
16    3.0000000000000000e+00  1.5000000000000000e+00  0.0000000000000000e+00  1.0000000000000000e+00
17    6.0000000000000000e+00  1.5000000000000000e+00  0.0000000000000000e+00  1.0000000000000000e+00
18    9.0000000000000000e+00  1.5000000000000000e+00  0.0000000000000000e+00  1.0000000000000000e+00
19    1.1000000000000000e+01  1.5000000000000000e+00  0.0000000000000000e+00  1.0000000000000000e+00
20    1.2000000000000000e+01  1.5000000000000000e+00  0.0000000000000000e+00  1.0000000000000000e+00
21    0.0000000000000000e+00  3.0000000000000000e+00  0.0000000000000000e+00  1.0000000000000000e+00
22    1.0000000000000000e+00  3.0000000000000000e+00  0.0000000000000000e+00  1.0000000000000000e+00
23    3.0000000000000000e+00  3.0000000000000000e+00  0.0000000000000000e+00  1.0000000000000000e+00
24    6.0000000000000000e+00  3.0000000000000000e+00  0.0000000000000000e+00  1.0000000000000000e+00
25    9.0000000000000000e+00  3.0000000000000000e+00  0.0000000000000000e+00  1.0000000000000000e+00
26    1.1000000000000000e+01  3.0000000000000000e+00  0.0000000000000000e+00  1.0000000000000000e+00
27    1.2000000000000000e+01  3.0000000000000000e+00  0.0000000000000000e+00  1.0000000000000000e+00
28    0.0000000000000000e+00  4.5000000000000000e+00  0.0000000000000000e+00  1.0000000000000000e+00
29    1.0000000000000000e+00  4.5000000000000000e+00  0.0000000000000000e+00  1.0000000000000000e+00
30    3.0000000000000000e+00  4.5000000000000000e+00  0.0000000000000000e+00  1.0000000000000000e+00
31    6.0000000000000000e+00  4.5000000000000000e+00  0.0000000000000000e+00  1.0000000000000000e+00
32    9.0000000000000000e+00  4.5000000000000000e+00  0.0000000000000000e+00  1.0000000000000000e+00
33    1.1000000000000000e+01  4.5000000000000000e+00  0.0000000000000000e+00  1.0000000000000000e+00
34    1.2000000000000000e+01  4.5000000000000000e+00  0.0000000000000000e+00  1.0000000000000000e+00
35    0.0000000000000000e+00  5.5000000000000000e+00  0.0000000000000000e+00  1.0000000000000000e+00
36    1.0000000000000000e+00  5.5000000000000000e+00  0.0000000000000000e+00  1.0000000000000000e+00
37    3.0000000000000000e+00  5.5000000000000000e+00  0.0000000000000000e+00  1.0000000000000000e+00
38    6.0000000000000000e+00  5.5000000000000000e+00  0.0000000000000000e+00  1.0000000000000000e+00
39    9.0000000000000000e+00  5.5000000000000000e+00  0.0000000000000000e+00  1.0000000000000000e+00
40    1.1000000000000000e+01  5.5000000000000000e+00  0.0000000000000000e+00  1.0000000000000000e+00
41    1.2000000000000000e+01  5.5000000000000000e+00  0.0000000000000000e+00  1.0000000000000000e+00
42    0.0000000000000000e+00  6.0000000000000000e+00  0.0000000000000000e+00  1.0000000000000000e+00
43    1.0000000000000000e+00  6.0000000000000000e+00  0.0000000000000000e+00  1.0000000000000000e+00
44    3.0000000000000000e+00  6.0000000000000000e+00  0.0000000000000000e+00  1.0000000000000000e+00
45    6.0000000000000000e+00  6.0000000000000000e+00  0.0000000000000000e+00  1.0000000000000000e+00
46    9.0000000000000000e+00  6.0000000000000000e+00  0.0000000000000000e+00  1.0000000000000000e+00
47    1.1000000000000000e+01  6.0000000000000000e+00  0.0000000000000000e+00  1.0000000000000000e+00
48    1.2000000000000000e+01  6.0000000000000000e+00  0.0000000000000000e+00  1.0000000000000000e+00
49    0.0000000000000000e+00  0.0000000000000000e+00  5.0000000000000000e-01  1.0000000000000000e+00
50    1.0000000000000000e+00  0.0000000000000000e+00  5.0000000000000000e-01  1.0000000000000000e+00
51    3.0000000000000000e+00  0.0000000000000000e+00  5.0000000000000000e-01  1.0000000000000000e+00
52    6.0000000000000000e+00  0.0000000000000000e+00  5.0000000000000000e-01  1.0000000000000000e+00
53    9.0000000000000000e+00  0.0000000000000000e+00  5.0000000000000000e-01  1.0000000000000000e+00
54    1.1000000000000000e+01  0.0000000000000000e+00  5.0000000000000000e-01  1.0000000000000000e+00
55    1.2000000000000000e+01  0.0000000000000000e+00  5.0000000000000000e-01  1.0000000000000000e+00
56    0.0000000000000000e+00  5.0000000000000000e-01  5.0000000000000000e-01  1.0000000000000000e+00
57    1.0000000000000000e+00  5.0000000000000000e-01  5.0000000000000000e-01  1.0000000000000000e+00
58    3.0000000000000000e+00  5.0000000000000000e-01  5.0000000000000000e-01  1.0000000000000000e+00
59    6.0000000000000000e+00  5.0000000000000000e-01  5.0000000000000000e-01  1.0000000000000000e+00
60    9.0000000000000000e+00  5.0000000000000000e-01  5.0000000000000000e-01  1.0000000000000000e+00
61    1.1000000000000000e+01  5.0000000000000000e-01  5.0000000000000000e-01  1.0000000000000000e+00
62    1.2000000000000000e+01  5.0000000000000000e-01  5.0000000000000000e-01  1.0000000000000000e+00
63    0.0000000000000000e+00  1.5000000000000000e+00  5.0000000000000000e-01  1.0000000000000000e+00
64    1.0000000000000000e+00  1.5000000000000000e+00  5.0000000000000000e-01  1.0000000000000000e+00
65    3.0000000000000000e+00  1.5000000000000000e+00  5.0000000000000000e-01  1.0000000000000000e+00
66    6.0000000000000000e+00  1.5000000000000000e+00  5.0000000000000000e-01  1.0000000000000000e+00
67    9.0000000000000000e+00  1.5000000000000000e+00  5.0000000000000000e-01  1.0000000000000000e+00
68    1.1000000000000000e+01  1.5000000000000000e+00  5.0000000000000000e-01  1.0000000000000000e+00
69    1.2000000000000000e+01  1.5000000000000000e+00  5.0000000000000000e-01  1.0000000000000000e+00
70    0.0000000000000000e+00  3.0000000000000000e+00  5.0000000000000000e-01  1.0000000000000000e+00
71    1.0000000000000000e+00  3.0000000000000000e+00  5.0000000000000000e-01  1.0000000000000000e+00
72    3.0000000000000000e+00  3.0000000000000000e+00  5.0000000000000000e-01  1.0000000000000000e+00
73    6.0000000000000000e+00  3.0000000000000000e+00  5.0000000000000000e-01  1.0000000000000000e+00
74    9.0000000000000000e+00  3.0000000000000000e+00  5.0000000000000000e-01  1.0000000000000000e+00
75    1.1000000000000000e+01  3.0000000000000000e+00  5.0000000000000000e-01  1.0000000000000000e+00
76    1.2000000000000000e+01  3.0000000000000000e+00  5.0000000000000000e-01  1.0000000000000000e+00
77    0.0000000000000000e+00  4.5000000000000000e+00  5.0000000000000000e-01  1.0000000000000000e+00
78    1.0000000000000000e+00  4.5000000000000000e+00  5.0000000000000000e-01  1.0000000000000000e+00
79    3.0000000000000000e+00  4.5000000000000000e+00  5.0000000000000000e-01  1.0000000000000000e+00
80    6.0000000000000000e+00  4.5000000000000000e+00  5.0000000000000000e-01  1.0000000000000000e+00
81    9.0000000000000000e+00  4.5000000000000000e+00  5.0000000000000000e-01  1.0000000000000000e+00
82    1.1000000000000000e+01  4.5000000000000000e+00  5.0000000000000000e-01  1.0000000000000000e+00
83    1.2000000000000000e+01  4.5000000000000000e+00  5.0000000000000000e-01  1.0000000000000000e+00
84    0.0000000000000000e+00  5.5000000000000000e+00  5.0000000000000000e-01  1.0000000000000000e+00
85    1.0000000000000000e+00  5.5000000000000000e+00  5.0000000000000000e-01  1.0000000000000000e+00
86    3.0000000000000000e+00  5.5000000000000000e+00  5.0000000000000000e-01  1.0000000000000000e+00
87    6.0000000000000000e+00  5.5000000000000000e+00  5.0000000000000000e-01  1.0000000000000000e+00
88    9.0000000000000000e+00  5.5000000000000000e+00  5.0000000000000000e-01  1.0000000000000000e+00
89    1.1000000000000000e+01  5.5000000000000000e+00  5.0000000000000000e-01  1.0000000000000000e+00
90    1.2000000000000000e+01  5.5000000000000000e+00  5.0000000000000000e-01  1.0000000000000000e+00
91    0.0000000000000000e+00  6.0000000000000000e+00  5.0000000000000000e-01  1.0000000000000000e+00
92    1.0000000000000000e+00  6.0000000000000000e+00  5.0000000000000000e-01  1.0000000000000000e+00
93    3.0000000000000000e+00  6.0000000000000000e+00  5.0000000000000000e-01  1.0000000000000000e+00
94    6.0000000000000000e+00  6.0000000000000000e+00  5.0000000000000000e-01  1.0000000000000000e+00
95    9.0000000000000000e+00  6.0000000000000000e+00  5.0000000000000000e-01  1.0000000000000000e+00
96    1.1000000000000000e+01  6.0000000000000000e+00  5.0000000000000000e-01  1.0000000000000000e+00
97    1.2000000000000000e+01  6.0000000000000000e+00  5.0000000000000000e-01  1.0000000000000000e+00
98    0.0000000000000000e+00  0.0000000000000000e+00  1.5000000000000000e+00  1.0000000000000000e+00
99    1.0000000000000000e+00  0.0000000000000000e+00  1.5000000000000000e+00  1.0000000000000000e+00
100   3.0000000000000000e+00  0.0000000000000000e+00  1.5000000000000000e+00  1.0000000000000000e+00
101   6.0000000000000000e+00  0.0000000000000000e+00  1.5000000000000000e+00  1.0000000000000000e+00
102   9.0000000000000000e+00  0.0000000000000000e+00  1.5000000000000000e+00  1.0000000000000000e+00
103   1.1000000000000000e+01  0.0000000000000000e+00  1.5000000000000000e+00  1.0000000000000000e+00
104   1.2000000000000000e+01  0.0000000000000000e+00  1.5000000000000000e+00  1.0000000000000000e+00
105   0.0000000000000000e+00  5.0000000000000000e-01  1.5000000000000000e+00  1.0000000000000000e+00
106   1.0000000000000000e+00  5.0000000000000000e-01  1.5000000000000000e+00  1.0000000000000000e+00
107   3.0000000000000000e+00  5.0000000000000000e-01  1.5000000000000000e+00  1.0000000000000000e+00
108   6.0000000000000000e+00  5.0000000000000000e-01  1.5000000000000000e+00  1.0000000000000000e+00
109   9.0000000000000000e+00  5.0000000000000000e-01  1.5000000000000000e+00  1.0000000000000000e+00
110   1.1000000000000000e+01  5.0000000000000000e-01  1.5000000000000000e+00  1.0000000000000000e+00
111   1.2000000000000000e+01  5.0000000000000000e-01  1.5000000000000000e+00  1.0000000000000000e+00
112   0.0000000000000000e+00  1.5000000000000000e+00  1.5000000000000000e+00  1.0000000000000000e+00
113   1.0000000000000000e+00  1.5000000000000000e+00  1.5000000000000000e+00  1.0000000000000000e+00
114   3.0000000000000000e+00  1.5000000000000000e+00  1.5000000000000000e+00  1.0000000000000000e+00
115   6.0000000000000000e+00  1.5000000000000000e+00  1.5000000000000000e+00  1.0000000000000000e+00
116   9.0000000000000000e+00  1.5000000000000000e+00  1.5000000000000000e+00  1.0000000000000000e+00
117   1.1000000000000000e+01  1.5000000000000000e+00  1.5000000000000000e+00  1.0000000000000000e+00
118   1.2000000000000000e+01  1.5000000000000000e+00  1.5000000000000000e+00  1.0000000000000000e+00
119   0.0000000000000000e+00  3.0000000000000000e+00  1.5000000000000000e+00  1.0000000000000000e+00
120   1.0000000000000000e+00  3.0000000000000000e+00  1.5000000000000000e+00  1.0000000000000000e+00
121   3.0000000000000000e+00  3.0000000000000000e+00  1.5000000000000000e+00  1.0000000000000000e+00
122   6.0000000000000000e+00  3.0000000000000000e+00  1.5000000000000000e+00  1.0000000000000000e+00
123   9.0000000000000000e+00  3.0000000000000000e+00  1.5000000000000000e+00  1.0000000000000000e+00
124   1.1000000000000000e+01  3.0000000000000000e+00  1.5000000000000000e+00  1.0000000000000000e+00
125   1.2000000000000000e+01  3.0000000000000000e+00  1.5000000000000000e+00  1.0000000000000000e+00
126   0.0000000000000000e+00  4.5000000000000000e+00  1.5000000000000000e+00  1.0000000000000000e+00
127   1.0000000000000000e+00  4.5000000000000000e+00  1.5000000000000000e+00  1.0000000000000000e+00
128   3.0000000000000000e+00  4.5000000000000000e+00  1.5000000000000000e+00  1.0000000000000000e+00
129   6.0000000000000000e+00  4.5000000000000000e+00  1.5000000000000000e+00  1.0000000000000000e+00
130   9.0000000000000000e+00  4.5000000000000000e+00  1.5000000000000000e+00  1.0000000000000000e+00
131   1.1000000000000000e+01  4.5000000000000000e+00  1.5000000000000000e+00  1.0000000000000000e+00
132   1.2000000000000000e+01  4.5000000000000000e+00  1.5000000000000000e+00  1.0000000000000000e+00
133   0.0000000000000000e+00  5.5000000000000000e+00  1.5000000000000000e+00  1.0000000000000000e+00
134   1.0000000000000000e+00  5.5000000000000000e+00  1.5000000000000000e+00  1.0000000000000000e+00
135   3.0000000000000000e+00  5.5000000000000000e+00  1.5000000000000000e+00  1.0000000000000000e+00
136   6.0000000000000000e+00  5.5000000000000000e+00  1.5000000000000000e+00  1.0000000000000000e+00
137   9.0000000000000000e+00  5.5000000000000000e+00  1.5000000000000000e+00  1.0000000000000000e+00
138   1.1000000000000000e+01  5.5000000000000000e+00  1.5000000000000000e+00  1.0000000000000000e+00
139   1.2000000000000000e+01  5.5000000000000000e+00  1.5000000000000000e+00  1.0000000000000000e+00
140   0.0000000000000000e+00  6.0000000000000000e+00  1.5000000000000000e+00  1.0000000000000000e+00
141   1.0000000000000000e+00  6.0000000000000000e+00  1.5000000000000000e+00  1.0000000000000000e+00
142   3.0000000000000000e+00  6.0000000000000000e+00  1.5000000000000000e+00  1.0000000000000000e+00
143   6.0000000000000000e+00  6.0000000000000000e+00  1.5000000000000000e+00  1.0000000000000000e+00
144   9.0000000000000000e+00  6.0000000000000000e+00  1.5000000000000000e+00  1.0000000000000000e+00
145   1.1000000000000000e+01  6.0000000000000000e+00  1.5000000000000000e+00  1.0000000000000000e+00
146   1.2000000000000000e+01  6.0000000000000000e+00  1.5000000000000000e+00  1.0000000000000000e+00
147   0.0000000000000000e+00  0.0000000000000000e+00  3.0000000000000000e+00  1.0000000000000000e+00
148   1.0000000000000000e+00  0.0000000000000000e+00  3.0000000000000000e+00  1.0000000000000000e+00
149   3.0000000000000000e+00  0.0000000000000000e+00  3.0000000000000000e+00  1.0000000000000000e+00
150   6.0000000000000000e+00  0.0000000000000000e+00  3.0000000000000000e+00  1.0000000000000000e+00
151   9.0000000000000000e+00  0.0000000000000000e+00  3.0000000000000000e+00  1.0000000000000000e+00
152   1.1000000000000000e+01  0.0000000000000000e+00  3.0000000000000000e+00  1.0000000000000000e+00
153   1.2000000000000000e+01  0.0000000000000000e+00  3.0000000000000000e+00  1.0000000000000000e+00
154   0.0000000000000000e+00  5.0000000000000000e-01  3.0000000000000000e+00  1.0000000000000000e+00
155   1.0000000000000000e+00  5.0000000000000000e-01  3.0000000000000000e+00  1.0000000000000000e+00
156   3.0000000000000000e+00  5.0000000000000000e-01  3.0000000000000000e+00  1.0000000000000000e+00
157   6.0000000000000000e+00  5.0000000000000000e-01  3.0000000000000000e+00  1.0000000000000000e+00
158   9.0000000000000000e+00  5.0000000000000000e-01  3.0000000000000000e+00  1.0000000000000000e+00
159   1.1000000000000000e+01  5.0000000000000000e-01  3.0000000000000000e+00  1.0000000000000000e+00
160   1.2000000000000000e+01  5.0000000000000000e-01  3.0000000000000000e+00  1.0000000000000000e+00
161   0.0000000000000000e+00  1.5000000000000000e+00  3.0000000000000000e+00  1.0000000000000000e+00
162   1.0000000000000000e+00  1.5000000000000000e+00  3.0000000000000000e+00  1.0000000000000000e+00
163   3.0000000000000000e+00  1.5000000000000000e+00  3.0000000000000000e+00  1.0000000000000000e+00
164   6.0000000000000000e+00  1.5000000000000000e+00  3.0000000000000000e+00  1.0000000000000000e+00
165   9.0000000000000000e+00  1.5000000000000000e+00  3.0000000000000000e+00  1.0000000000000000e+00
166   1.1000000000000000e+01  1.5000000000000000e+00  3.0000000000000000e+00  1.0000000000000000e+00
167   1.2000000000000000e+01  1.5000000000000000e+00  3.0000000000000000e+00  1.0000000000000000e+00
168   0.0000000000000000e+00  3.0000000000000000e+00  3.0000000000000000e+00  1.0000000000000000e+00
169   1.0000000000000000e+00  3.0000000000000000e+00  3.0000000000000000e+00  1.0000000000000000e+00
170   3.0000000000000000e+00  3.0000000000000000e+00  3.0000000000000000e+00  1.0000000000000000e+00
171   6.0000000000000000e+00  3.0000000000000000e+00  3.0000000000000000e+00  1.0000000000000000e+00
172   9.0000000000000000e+00  3.0000000000000000e+00  3.0000000000000000e+00  1.0000000000000000e+00
173   1.1000000000000000e+01  3.0000000000000000e+00  3.0000000000000000e+00  1.0000000000000000e+00
174   1.2000000000000000e+01  3.0000000000000000e+00  3.0000000000000000e+00  1.0000000000000000e+00
175   0.0000000000000000e+00  4.5000000000000000e+00  3.0000000000000000e+00  1.0000000000000000e+00
176   1.0000000000000000e+00  4.5000000000000000e+00  3.0000000000000000e+00  1.0000000000000000e+00
177   3.0000000000000000e+00  4.5000000000000000e+00  3.0000000000000000e+00  1.0000000000000000e+00
178   6.0000000000000000e+00  4.5000000000000000e+00  3.0000000000000000e+00  1.0000000000000000e+00
179   9.0000000000000000e+00  4.5000000000000000e+00  3.0000000000000000e+00  1.0000000000000000e+00
180   1.1000000000000000e+01  4.5000000000000000e+00  3.0000000000000000e+00  1.0000000000000000e+00
181   1.2000000000000000e+01  4.5000000000000000e+00  3.0000000000000000e+00  1.0000000000000000e+00
182   0.0000000000000000e+00  5.5000000000000000e+00  3.0000000000000000e+00  1.0000000000000000e+00
183   1.0000000000000000e+00  5.5000000000000000e+00  3.0000000000000000e+00  1.0000000000000000e+00
184   3.0000000000000000e+00  5.5000000000000000e+00  3.0000000000000000e+00  1.0000000000000000e+00
185   6.0000000000000000e+00  5.5000000000000000e+00  3.0000000000000000e+00  1.0000000000000000e+00
186   9.0000000000000000e+00  5.5000000000000000e+00  3.0000000000000000e+00  1.0000000000000000e+00
187   1.1000000000000000e+01  5.5000000000000000e+00  3.0000000000000000e+00  1.0000000000000000e+00
188   1.2000000000000000e+01  5.5000000000000000e+00  3.0000000000000000e+00  1.0000000000000000e+00
189   0.0000000000000000e+00  6.0000000000000000e+00  3.0000000000000000e+00  1.0000000000000000e+00
190   1.0000000000000000e+00  6.0000000000000000e+00  3.0000000000000000e+00  1.0000000000000000e+00
191   3.0000000000000000e+00  6.0000000000000000e+00  3.0000000000000000e+00  1.0000000000000000e+00
192   6.0000000000000000e+00  6.0000000000000000e+00  3.0000000000000000e+00  1.0000000000000000e+00
193   9.0000000000000000e+00  6.0000000000000000e+00  3.0000000000000000e+00  1.0000000000000000e+00
194   1.1000000000000000e+01  6.0000000000000000e+00  3.0000000000000000e+00  1.0000000000000000e+00
195   1.2000000000000000e+01  6.0000000000000000e+00  3.0000000000000000e+00  1.0000000000000000e+00
196   0.0000000000000000e+00  0.0000000000000000e+00  4.5000000000000000e+00  1.0000000000000000e+00
197   1.0000000000000000e+00  0.0000000000000000e+00  4.5000000000000000e+00  1.0000000000000000e+00
198   3.0000000000000000e+00  0.0000000000000000e+00  4.5000000000000000e+00  1.0000000000000000e+00
199   6.0000000000000000e+00  0.0000000000000000e+00  4.5000000000000000e+00  1.0000000000000000e+00
200   9.0000000000000000e+00  0.0000000000000000e+00  4.5000000000000000e+00  1.0000000000000000e+00
201   1.1000000000000000e+01  0.0000000000000000e+00  4.5000000000000000e+00  1.0000000000000000e+00
202   1.2000000000000000e+01  0.0000000000000000e+00  4.5000000000000000e+00  1.0000000000000000e+00
203   0.0000000000000000e+00  5.0000000000000000e-01  4.5000000000000000e+00  1.0000000000000000e+00
204   1.0000000000000000e+00  5.0000000000000000e-01  4.5000000000000000e+00  1.0000000000000000e+00
205   3.0000000000000000e+00  5.0000000000000000e-01  4.5000000000000000e+00  1.0000000000000000e+00
206   6.0000000000000000e+00  5.0000000000000000e-01  4.5000000000000000e+00  1.0000000000000000e+00
207   9.0000000000000000e+00  5.0000000000000000e-01  4.5000000000000000e+00  1.0000000000000000e+00
208   1.1000000000000000e+01  5.0000000000000000e-01  4.5000000000000000e+00  1.0000000000000000e+00
209   1.2000000000000000e+01  5.0000000000000000e-01  4.5000000000000000e+00  1.0000000000000000e+00
210   0.0000000000000000e+00  1.5000000000000000e+00  4.5000000000000000e+00  1.0000000000000000e+00
211   1.0000000000000000e+00  1.5000000000000000e+00  4.5000000000000000e+00  1.0000000000000000e+00
212   3.0000000000000000e+00  1.5000000000000000e+00  4.5000000000000000e+00  1.0000000000000000e+00
213   6.0000000000000000e+00  1.5000000000000000e+00  4.5000000000000000e+00  1.0000000000000000e+00
214   9.0000000000000000e+00  1.5000000000000000e+00  4.5000000000000000e+00  1.0000000000000000e+00
215   1.1000000000000000e+01  1.5000000000000000e+00  4.5000000000000000e+00  1.0000000000000000e+00
216   1.2000000000000000e+01  1.5000000000000000e+00  4.5000000000000000e+00  1.0000000000000000e+00
217   0.0000000000000000e+00  3.0000000000000000e+00  4.5000000000000000e+00  1.0000000000000000e+00
218   1.0000000000000000e+00  3.0000000000000000e+00  4.5000000000000000e+00  1.0000000000000000e+00
219   3.0000000000000000e+00  3.0000000000000000e+00  4.5000000000000000e+00  1.0000000000000000e+00
220   6.0000000000000000e+00  3.0000000000000000e+00  4.5000000000000000e+00  1.0000000000000000e+00
221   9.0000000000000000e+00  3.0000000000000000e+00  4.5000000000000000e+00  1.0000000000000000e+00
222   1.1000000000000000e+01  3.0000000000000000e+00  4.5000000000000000e+00  1.0000000000000000e+00
223   1.2000000000000000e+01  3.0000000000000000e+00  4.5000000000000000e+00  1.0000000000000000e+00
224   0.0000000000000000e+00  4.5000000000000000e+00  4.5000000000000000e+00  1.0000000000000000e+00
225   1.0000000000000000e+00  4.5000000000000000e+00  4.5000000000000000e+00  1.0000000000000000e+00
226   3.0000000000000000e+00  4.5000000000000000e+00  4.5000000000000000e+00  1.0000000000000000e+00
227   6.0000000000000000e+00  4.5000000000000000e+00  4.5000000000000000e+00  1.0000000000000000e+00
228   9.0000000000000000e+00  4.5000000000000000e+00  4.5000000000000000e+00  1.0000000000000000e+00
229   1.1000000000000000e+01  4.5000000000000000e+00  4.5000000000000000e+00  1.0000000000000000e+00
230   1.2000000000000000e+01  4.5000000000000000e+00  4.5000000000000000e+00  1.0000000000000000e+00
231   0.0000000000000000e+00  5.5000000000000000e+00  4.5000000000000000e+00  1.0000000000000000e+00
232   1.0000000000000000e+00  5.5000000000000000e+00  4.5000000000000000e+00  1.0000000000000000e+00
233   3.0000000000000000e+00  5.5000000000000000e+00  4.5000000000000000e+00  1.0000000000000000e+00
234   6.0000000000000000e+00  5.5000000000000000e+00  4.5000000000000000e+00  1.0000000000000000e+00
235   9.0000000000000000e+00  5.5000000000000000e+00  4.5000000000000000e+00  1.0000000000000000e+00
236   1.1000000000000000e+01  5.5000000000000000e+00  4.5000000000000000e+00  1.0000000000000000e+00
237   1.2000000000000000e+01  5.5000000000000000e+00  4.5000000000000000e+00  1.0000000000000000e+00
238   0.0000000000000000e+00  6.0000000000000000e+00  4.5000000000000000e+00  1.0000000000000000e+00
239   1.0000000000000000e+00  6.0000000000000000e+00  4.5000000000000000e+00  1.0000000000000000e+00
240   3.0000000000000000e+00  6.0000000000000000e+00  4.5000000000000000e+00  1.0000000000000000e+00
241   6.0000000000000000e+00  6.0000000000000000e+00  4.5000000000000000e+00  1.0000000000000000e+00
242   9.0000000000000000e+00  6.0000000000000000e+00  4.5000000000000000e+00  1.0000000000000000e+00
243   1.1000000000000000e+01  6.0000000000000000e+00  4.5000000000000000e+00  1.0000000000000000e+00
244   1.2000000000000000e+01  6.0000000000000000e+00  4.5000000000000000e+00  1.0000000000000000e+00
245   0.0000000000000000e+00  0.0000000000000000e+00  5.5000000000000000e+00  1.0000000000000000e+00
246   1.0000000000000000e+00  0.0000000000000000e+00  5.5000000000000000e+00  1.0000000000000000e+00
247   3.0000000000000000e+00  0.0000000000000000e+00  5.5000000000000000e+00  1.0000000000000000e+00
248   6.0000000000000000e+00  0.0000000000000000e+00  5.5000000000000000e+00  1.0000000000000000e+00
249   9.0000000000000000e+00  0.0000000000000000e+00  5.5000000000000000e+00  1.0000000000000000e+00
250   1.1000000000000000e+01  0.0000000000000000e+00  5.5000000000000000e+00  1.0000000000000000e+00
251   1.2000000000000000e+01  0.0000000000000000e+00  5.5000000000000000e+00  1.0000000000000000e+00
252   0.0000000000000000e+00  5.0000000000000000e-01  5.5000000000000000e+00  1.0000000000000000e+00
253   1.0000000000000000e+00  5.0000000000000000e-01  5.5000000000000000e+00  1.0000000000000000e+00
254   3.0000000000000000e+00  5.0000000000000000e-01  5.5000000000000000e+00  1.0000000000000000e+00
255   6.0000000000000000e+00  5.0000000000000000e-01  5.5000000000000000e+00  1.0000000000000000e+00
256   9.0000000000000000e+00  5.0000000000000000e-01  5.5000000000000000e+00  1.0000000000000000e+00
257   1.1000000000000000e+01  5.0000000000000000e-01  5.5000000000000000e+00  1.0000000000000000e+00
258   1.2000000000000000e+01  5.0000000000000000e-01  5.5000000000000000e+00  1.0000000000000000e+00
259   0.0000000000000000e+00  1.5000000000000000e+00  5.5000000000000000e+00  1.0000000000000000e+00
260   1.0000000000000000e+00  1.5000000000000000e+00  5.5000000000000000e+00  1.0000000000000000e+00
261   3.0000000000000000e+00  1.5000000000000000e+00  5.5000000000000000e+00  1.0000000000000000e+00
262   6.0000000000000000e+00  1.5000000000000000e+00  5.5000000000000000e+00  1.0000000000000000e+00
263   9.0000000000000000e+00  1.5000000000000000e+00  5.5000000000000000e+00  1.0000000000000000e+00
264   1.1000000000000000e+01  1.5000000000000000e+00  5.5000000000000000e+00  1.0000000000000000e+00
265   1.2000000000000000e+01  1.5000000000000000e+00  5.5000000000000000e+00  1.0000000000000000e+00
266   0.0000000000000000e+00  3.0000000000000000e+00  5.5000000000000000e+00  1.0000000000000000e+00
267   1.0000000000000000e+00  3.0000000000000000e+00  5.5000000000000000e+00  1.0000000000000000e+00
268   3.0000000000000000e+00  3.0000000000000000e+00  5.5000000000000000e+00  1.0000000000000000e+00
269   6.0000000000000000e+00  3.0000000000000000e+00  5.5000000000000000e+00  1.0000000000000000e+00
270   9.0000000000000000e+00  3.0000000000000000e+00  5.5000000000000000e+00  1.0000000000000000e+00
271   1.1000000000000000e+01  3.0000000000000000e+00  5.5000000000000000e+00  1.0000000000000000e+00
272   1.2000000000000000e+01  3.0000000000000000e+00  5.5000000000000000e+00  1.0000000000000000e+00
273   0.0000000000000000e+00  4.5000000000000000e+00  5.5000000000000000e+00  1.0000000000000000e+00
274   1.0000000000000000e+00  4.5000000000000000e+00  5.5000000000000000e+00  1.0000000000000000e+00
275   3.0000000000000000e+00  4.5000000000000000e+00  5.5000000000000000e+00  1.0000000000000000e+00
276   6.0000000000000000e+00  4.5000000000000000e+00  5.5000000000000000e+00  1.0000000000000000e+00
277   9.0000000000000000e+00  4.5000000000000000e+00  5.5000000000000000e+00  1.0000000000000000e+00
278   1.1000000000000000e+01  4.5000000000000000e+00  5.5000000000000000e+00  1.0000000000000000e+00
279   1.2000000000000000e+01  4.5000000000000000e+00  5.5000000000000000e+00  1.0000000000000000e+00
280   0.0000000000000000e+00  5.5000000000000000e+00  5.5000000000000000e+00  1.0000000000000000e+00
281   1.0000000000000000e+00  5.5000000000000000e+00  5.5000000000000000e+00  1.0000000000000000e+00
282   3.0000000000000000e+00  5.5000000000000000e+00  5.5000000000000000e+00  1.0000000000000000e+00
283   6.0000000000000000e+00  5.5000000000000000e+00  5.5000000000000000e+00  1.0000000000000000e+00
284   9.0000000000000000e+00  5.5000000000000000e+00  5.5000000000000000e+00  1.0000000000000000e+00
285   1.1000000000000000e+01  5.5000000000000000e+00  5.5000000000000000e+00  1.0000000000000000e+00
286   1.2000000000000000e+01  5.5000000000000000e+00  5.5000000000000000e+00  1.0000000000000000e+00
287   0.0000000000000000e+00  6.0000000000000000e+00  5.5000000000000000e+00  1.0000000000000000e+00
288   1.0000000000000000e+00  6.0000000000000000e+00  5.5000000000000000e+00  1.0000000000000000e+00
289   3.0000000000000000e+00  6.0000000000000000e+00  5.5000000000000000e+00  1.0000000000000000e+00
290   6.0000000000000000e+00  6.0000000000000000e+00  5.5000000000000000e+00  1.0000000000000000e+00
291   9.0000000000000000e+00  6.0000000000000000e+00  5.5000000000000000e+00  1.0000000000000000e+00
292   1.1000000000000000e+01  6.0000000000000000e+00  5.5000000000000000e+00  1.0000000000000000e+00
293   1.2000000000000000e+01  6.0000000000000000e+00  5.5000000000000000e+00  1.0000000000000000e+00
294   0.0000000000000000e+00  0.0000000000000000e+00  6.0000000000000000e+00  1.0000000000000000e+00
295   1.0000000000000000e+00  0.0000000000000000e+00  6.0000000000000000e+00  1.0000000000000000e+00
296   3.0000000000000000e+00  0.0000000000000000e+00  6.0000000000000000e+00  1.0000000000000000e+00
297   6.0000000000000000e+00  0.0000000000000000e+00  6.0000000000000000e+00  1.0000000000000000e+00
298   9.0000000000000000e+00  0.0000000000000000e+00  6.0000000000000000e+00  1.0000000000000000e+00
299   1.1000000000000000e+01  0.0000000000000000e+00  6.0000000000000000e+00  1.0000000000000000e+00
300   1.2000000000000000e+01  0.0000000000000000e+00  6.0000000000000000e+00  1.0000000000000000e+00
301   0.0000000000000000e+00  5.0000000000000000e-01  6.0000000000000000e+00  1.0000000000000000e+00
302   1.0000000000000000e+00  5.0000000000000000e-01  6.0000000000000000e+00  1.0000000000000000e+00
303   3.0000000000000000e+00  5.0000000000000000e-01  6.0000000000000000e+00  1.0000000000000000e+00
304   6.0000000000000000e+00  5.0000000000000000e-01  6.0000000000000000e+00  1.0000000000000000e+00
305   9.0000000000000000e+00  5.0000000000000000e-01  6.0000000000000000e+00  1.0000000000000000e+00
306   1.1000000000000000e+01  5.0000000000000000e-01  6.0000000000000000e+00  1.0000000000000000e+00
307   1.2000000000000000e+01  5.0000000000000000e-01  6.0000000000000000e+00  1.0000000000000000e+00
308   0.0000000000000000e+00  1.5000000000000000e+00  6.0000000000000000e+00  1.0000000000000000e+00
309   1.0000000000000000e+00  1.5000000000000000e+00  6.0000000000000000e+00  1.0000000000000000e+00
310   3.0000000000000000e+00  1.5000000000000000e+00  6.0000000000000000e+00  1.0000000000000000e+00
311   6.0000000000000000e+00  1.5000000000000000e+00  6.0000000000000000e+00  1.0000000000000000e+00
312   9.0000000000000000e+00  1.5000000000000000e+00  6.0000000000000000e+00  1.0000000000000000e+00
313   1.1000000000000000e+01  1.5000000000000000e+00  6.0000000000000000e+00  1.0000000000000000e+00
314   1.2000000000000000e+01  1.5000000000000000e+00  6.0000000000000000e+00  1.0000000000000000e+00
315   0.0000000000000000e+00  3.0000000000000000e+00  6.0000000000000000e+00  1.0000000000000000e+00
316   1.0000000000000000e+00  3.0000000000000000e+00  6.0000000000000000e+00  1.0000000000000000e+00
317   3.0000000000000000e+00  3.0000000000000000e+00  6.0000000000000000e+00  1.0000000000000000e+00
318   6.0000000000000000e+00  3.0000000000000000e+00  6.0000000000000000e+00  1.0000000000000000e+00
319   9.0000000000000000e+00  3.0000000000000000e+00  6.0000000000000000e+00  1.0000000000000000e+00
320   1.1000000000000000e+01  3.0000000000000000e+00  6.0000000000000000e+00  1.0000000000000000e+00
321   1.2000000000000000e+01  3.0000000000000000e+00  6.0000000000000000e+00  1.0000000000000000e+00
322   0.0000000000000000e+00  4.5000000000000000e+00  6.0000000000000000e+00  1.0000000000000000e+00
323   1.0000000000000000e+00  4.5000000000000000e+00  6.0000000000000000e+00  1.0000000000000000e+00
324   3.0000000000000000e+00  4.5000000000000000e+00  6.0000000000000000e+00  1.0000000000000000e+00
325   6.0000000000000000e+00  4.5000000000000000e+00  6.0000000000000000e+00  1.0000000000000000e+00
326   9.0000000000000000e+00  4.5000000000000000e+00  6.0000000000000000e+00  1.0000000000000000e+00
327   1.1000000000000000e+01  4.5000000000000000e+00  6.0000000000000000e+00  1.0000000000000000e+00
328   1.2000000000000000e+01  4.5000000000000000e+00  6.0000000000000000e+00  1.0000000000000000e+00
329   0.0000000000000000e+00  5.5000000000000000e+00  6.0000000000000000e+00  1.0000000000000000e+00
330   1.0000000000000000e+00  5.5000000000000000e+00  6.0000000000000000e+00  1.0000000000000000e+00
331   3.0000000000000000e+00  5.5000000000000000e+00  6.0000000000000000e+00  1.0000000000000000e+00
332   6.0000000000000000e+00  5.5000000000000000e+00  6.0000000000000000e+00  1.0000000000000000e+00
333   9.0000000000000000e+00  5.5000000000000000e+00  6.0000000000000000e+00  1.0000000000000000e+00
334   1.1000000000000000e+01  5.5000000000000000e+00  6.0000000000000000e+00  1.0000000000000000e+00
335   1.2000000000000000e+01  5.5000000000000000e+00  6.0000000000000000e+00  1.0000000000000000e+00
336   0.0000000000000000e+00  6.0000000000000000e+00  6.0000000000000000e+00  1.0000000000000000e+00
337   1.0000000000000000e+00  6.0000000000000000e+00  6.0000000000000000e+00  1.0000000000000000e+00
338   3.0000000000000000e+00  6.0000000000000000e+00  6.0000000000000000e+00  1.0000000000000000e+00
339   6.0000000000000000e+00  6.0000000000000000e+00  6.0000000000000000e+00  1.0000000000000000e+00
340   9.0000000000000000e+00  6.0000000000000000e+00  6.0000000000000000e+00  1.0000000000000000e+00
341   1.1000000000000000e+01  6.0000000000000000e+00  6.0000000000000000e+00  1.0000000000000000e+00
342   1.2000000000000000e+01  6.0000000000000000e+00  6.0000000000000000e+00  1.0000000000000000e+00

0    0    0.000000e+00
7    0    0.000000e+00
14   0    0.000000e+00
21   0    0.000000e+00
28   0    0.000000e+00
35   0    0.000000e+00
42   0    0.000000e+00
49   0    0.000000e+00
56   0    0.000000e+00
63   0    0.000000e+00
70   0    0.000000e+00
77   0    0.000000e+00
84   0    0.000000e+00
91   0    0.000000e+00
98   0    0.000000e+00
105  0    0.000000e+00
112  0    0.000000e+00
119  0    0.000000e+00
126  0    0.000000e+00
133  0    0.000000e+00
140  0    0.000000e+00
147  0    0.000000e+00
154  0    0.000000e+00
161  0    0.000000e+00
168  0    0.000000e+00
175  0    0.000000e+00
182  0    0.000000e+00
189  0    0.000000e+00
196  0    0.000000e+00
203  0    0.000000e+00
210  0    0.000000e+00
217  0    0.000000e+00
224  0    0.000000e+00
231  0    0.000000e+00
238  0    0.000000e+00
245  0    0.000000e+00
252  0    0.000000e+00
259  0    0.000000e+00
266  0    0.000000e+00
273  0    0.000000e+00
280  0    0.000000e+00
287  0    0.000000e+00
294  0    0.000000e+00
301  0    0.000000e+00
308  0    0.000000e+00
315  0    0.000000e+00
322  0    0.000000e+00
329  0    0.000000e+00
336  0    0.000000e+00
0    1    0.000000e+00
1    1    0.000000e+00
2    1    0.000000e+00
3    1    0.000000e+00
4    1    0.000000e+00
5    1    0.000000e+00
6    1    0.000000e+00
49   1    0.000000e+00
50   1    0.000000e+00
51   1    0.000000e+00
52   1    0.000000e+00
53   1    0.000000e+00
54   1    0.000000e+00
55   1    0.000000e+00
98   1    0.000000e+00
99   1    0.000000e+00
100  1    0.000000e+00
101  1    0.000000e+00
102  1    0.000000e+00
103  1    0.000000e+00
104  1    0.000000e+00
147  1    0.000000e+00
148  1    0.000000e+00
149  1    0.000000e+00
150  1    0.000000e+00
151  1    0.000000e+00
152  1    0.000000e+00
153  1    0.000000e+00
196  1    0.000000e+00
197  1    0.000000e+00
198  1    0.000000e+00
199  1    0.000000e+00
200  1    0.000000e+00
201  1    0.000000e+00
202  1    0.000000e+00
245  1    0.000000e+00
246  1    0.000000e+00
247  1    0.000000e+00
248  1    0.000000e+00
249  1    0.000000e+00
250  1    0.000000e+00
251  1    0.000000e+00
294  1    0.000000e+00
295  1    0.000000e+00
296  1    0.000000e+00
297  1    0.000000e+00
298  1    0.000000e+00
299  1    0.000000e+00
300  1    0.000000e+00
0    2    0.000000e+00
1    2    0.000000e+00
2    2    0.000000e+00
3    2    0.000000e+00
4    2    0.000000e+00
5    2    0.000000e+00
6    2    0.000000e+00
7    2    0.000000e+00
8    2    0.000000e+00
9    2    0.000000e+00
10   2    0.000000e+00
11   2    0.000000e+00
12   2    0.000000e+00
13   2    0.000000e+00
14   2    0.000000e+00
15   2    0.000000e+00
16   2    0.000000e+00
17   2    0.000000e+00
18   2    0.000000e+00
19   2    0.000000e+00
20   2    0.000000e+00
21   2    0.000000e+00
22   2    0.000000e+00
23   2    0.000000e+00
24   2    0.000000e+00
25   2    0.000000e+00
26   2    0.000000e+00
27   2    0.000000e+00
28   2    0.000000e+00
29   2    0.000000e+00
30   2    0.000000e+00
31   2    0.000000e+00
32   2    0.000000e+00
33   2    0.000000e+00
34   2    0.000000e+00
35   2    0.000000e+00
36   2    0.000000e+00
37   2    0.000000e+00
38   2    0.000000e+00
39   2    0.000000e+00
40   2    0.000000e+00
41   2    0.000000e+00
42   2    0.000000e+00
43   2    0.000000e+00
44   2    0.000000e+00
45   2    0.000000e+00
46   2    0.000000e+00
47   2    0.000000e+00
48   2    0.000000e+00

0    0    1 2    1.000000e+00   0.000000e+00 1.000000e+00   0.000000e+00 1.000000e+00   1.000000e+00 0.000000e+00 0.000000e+00   1.000000e+01 0.000000e+00 0.000000e+00