3

1000  3.000000e-01

1

343

3    3    3

11   11   11

7    7    7

0    1    2    3    4    5    6    7    8    9    10   11   12   13   14   15   16   17   18   19   20   21   22   23   24   25   26   27   28   29   30   31   32   33   34   35   36   37   38   39   40   41   42   43   44   45   46   47   48   49   50   51   52   53   54   55   56   57   58   59   60   61   62   63   64   65   66   67   68   69   70   71   72   73   74   75   76   77   78   79   80   81   82   83   84   85   86   87   88   89   90   91   92   93   94   95   96   97   98   99   100  101  102  103  104  105  106  107  108  109  110  111  112  113  114  115  116  117  118  119  120  121  122  123  124  125  126  127  128  129  130  131  132  133  134  135  136  137  138  139  140  141  142  143  144  145  146  147  148  149  150  151  152  153  154  155  156  157  158  159  160  161  162  163  164  165  166  167  168  169  170  171  172  173  174  175  176  177  178  179  180  181  182  183  184  185  186  187  188  189  190  191  192  193  194  195  196  197  198  199  200  201  202  203  204  205  206  207  208  209  210  211  212  213  214  215  216  217  218  219  220  221  222  223  224  225  226  227  228  229  230  231  232  233  234  235  236  237  238  239  240  241  242  243  244  245  246  247  248  249  250  251  252  253  254  255  256  257  258  259  260  261  262  263  264  265  266  267  268  269  270  271  272  273  274  275  276  277  278  279  280  281  282  283  284  285  286  287  288  289  290  291  292  293  294  295  296  297  298  299  300  301  302  303  304  305  306  307  308  309  310  311  312  313  314  315  316  317  318  319  320  321  322  323  324  325  326  327  328  329  330  331  332  333  334  335  336  337  338  339  340  341  342

0    0    0

0.0000000000000000e+00  0.0000000000000000e+00  0.0000000000000000e+00  0.0000000000000000e+00  2.5000000000000000e-01  5.0000000000000000e-01  7.5000000000000000e-01  1.0000000000000000e+00  1.0000000000000000e+00  1.0000000000000000e+00  1.0000000000000000e+00
0.0000000000000000e+00  0.0000000000000000e+00  0.0000000000000000e+00  0.0000000000000000e+00  2.5000000000000000e-01  5.0000000000000000e-01  7.5000000000000000e-01  1.0000000000000000e+00  1.0000000000000000e+00  1.0000000000000000e+00  1.0000000000000000e+00
0.0000000000000000e+00  0.0000000000000000e+00  0.0000000000000000e+00  0.0000000000000000e+00  2.5000000000000000e-01  5.0000000000000000e-01  7.5000000000000000e-01  1.0000000000000000e+00  1.0000000000000000e+00  1.0000000000000000e+00  1.0000000000000000e+00

0     4.0000000000000000e+00  0.0000000000000000e+00  0.0000000000000000e+00  1.0000000000000000e+00
1     4.3333333333333330e+00  0.0000000000000000e+00  0.0000000000000000e+00  1.0000000000000000e+00
2     4.9999999999999991e+00  0.0000000000000000e+00  0.0000000000000000e+00  1.0000000000000000e+00
3     6.0000000000000000e+00  0.0000000000000000e+00  0.0000000000000000e+00  1.0000000000000000e+00
4     7.0000000000000000e+00  0.0000000000000000e+00  0.0000000000000000e+00  1.0000000000000000e+00
5     7.6666666666666670e+00  0.0000000000000000e+00  0.0000000000000000e+00  1.0000000000000000e+00
6     8.0000000000000000e+00  0.0000000000000000e+00  0.0000000000000000e+00  1.0000000000000000e+00
7     4.0000000000000000e+00  5.0000000000000000e-01  0.0000000000000000e+00  1.0000000000000000e+00
8     4.3333333333333339e+00  5.0000000000000000e-01  0.0000000000000000e+00  1.0000000000000000e+00
9     4.9999999999999991e+00  5.0000000000000000e-01  0.0000000000000000e+00  1.0000000000000000e+00
10    6.0000000000000000e+00  5.0000000000000000e-01  0.0000000000000000e+00  1.0000000000000000e+00
11    7.0000000000000000e+00  5.0000000000000000e-01  0.0000000000000000e+00  1.0000000000000000e+00
12    7.6666666666666670e+00  5.0000000000000000e-01  0.0000000000000000e+00  1.0000000000000000e+00
13    8.0000000000000000e+00  5.0000000000000000e-01  0.0000000000000000e+00  1.0000000000000000e+00
14    4.0000000000000000e+00  1.5000000000000000e+00  0.0000000000000000e+00  1.0000000000000000e+00
15    4.3333333333333339e+00  1.5000000000000000e+00  0.0000000000000000e+00  1.0000000000000000e+00
16    5.0000000000000000e+00  1.5000000000000000e+00  0.0000000000000000e+00  1.0000000000000000e+00
17    6.0000000000000000e+00  1.5000000000000000e+00  0.0000000000000000e+00  1.0000000000000000e+00
18    7.0000000000000000e+00  1.5000000000000000e+00  0.0000000000000000e+00  1.0000000000000000e+00
19    7.6666666666666670e+00  1.5000000000000000e+00  0.0000000000000000e+00  1.0000000000000000e+00
20    8.0000000000000000e+00  1.5000000000000000e+00  0.0000000000000000e+00  1.0000000000000000e+00
21    4.0000000000000000e+00  3.0000000000000000e+00  0.0000000000000000e+00  1.0000000000000000e+00
22    4.3333333333333339e+00  3.0000000000000000e+00  0.0000000000000000e+00  1.0000000000000000e+00
23    5.0000000000000000e+00  3.0000000000000000e+00  0.0000000000000000e+00  1.0000000000000000e+00
24    6.0000000000000000e+00  3.0000000000000000e+00  0.0000000000000000e+00  1.0000000000000000e+00
25    7.0000000000000009e+00  3.0000000000000000e+00  0.0000000000000000e+00  1.0000000000000000e+00
26    7.6666666666666670e+00  3.0000000000000000e+00  0.0000000000000000e+00  1.0000000000000000e+00
27    8.0000000000000000e+00  3.0000000000000000e+00  0.0000000000000000e+00  1.0000000000000000e+00
28    4.0000000000000000e+00  4.5000000000000000e+00  0.0000000000000000e+00  1.0000000000000000e+00
29    4.3333333333333330e+00  4.5000000000000000e+00  0.0000000000000000e+00  1.0000000000000000e+00
30    5.0000000000000000e+00  4.5000000000000000e+00  0.0000000000000000e+00  1.0000000000000000e+00
31    6.0000000000000000e+00  4.5000000000000000e+00  0.0000000000000000e+00  1.0000000000000000e+00
32    7.0000000000000009e+00  4.5000000000000000e+00  0.0000000000000000e+00  1.0000000000000000e+00
33    7.6666666666666670e+00  4.5000000000000000e+00  0.0000000000000000e+00  1.0000000000000000e+00
34    8.0000000000000000e+00  4.5000000000000000e+00  0.0000000000000000e+00  1.0000000000000000e+00
35    4.0000000000000000e+00  5.5000000000000000e+00  0.0000000000000000e+00  1.0000000000000000e+00
36    4.3333333333333330e+00  5.5000000000000000e+00  0.0000000000000000e+00  1.0000000000000000e+00
37    4.9999999999999991e+00  5.5000000000000000e+00  0.0000000000000000e+00  1.0000000000000000e+00
38    6.0000000000000000e+00  5.5000000000000000e+00  0.0000000000000000e+00  1.0000000000000000e+00
39    7.0000000000000000e+00  5.5000000000000000e+00  0.0000000000000000e+00  1.0000000000000000e+00
40    7.6666666666666670e+00  5.5000000000000000e+00  0.0000000000000000e+00  1.0000000000000000e+00
41    8.0000000000000000e+00  5.5000000000000000e+00  0.0000000000000000e+00  1.0000000000000000e+00
42    4.0000000000000000e+00  6.0000000000000000e+00  0.0000000000000000e+00  1.0000000000000000e+00
43    4.3333333333333330e+00  6.0000000000000000e+00  0.0000000000000000e+00  1.0000000000000000e+00
44    4.9999999999999991e+00  6.0000000000000000e+00  0.0000000000000000e+00  1.0000000000000000e+00
45    6.0000000000000000e+00  6.0000000000000000e+00  0.0000000000000000e+00  1.0000000000000000e+00
46    7.0000000000000000e+00  6.0000000000000000e+00  0.0000000000000000e+00  1.0000000000000000e+00
47    7.6666666666666670e+00  6.0000000000000000e+00  0.0000000000000000e+00  1.0000000000000000e+00
48    8.0000000000000000e+00  6.0000000000000000e+00  0.0000000000000000e+00  1.0000000000000000e+00
49    4.0000000000000000e+00  0.0000000000000000e+00  5.0000000000000000e-01  1.0000000000000000e+00
50    4.3333333333333339e+00  0.0000000000000000e+00  5.0000000000000000e-01  1.0000000000000000e+00
51    4.9999999999999991e+00  0.0000000000000000e+00  5.0000000000000000e-01  1.0000000000000000e+00
52    6.0000000000000000e+00  0.0000000000000000e+00  5.0000000000000000e-01  1.0000000000000000e+00
53    7.0000000000000000e+00  0.0000000000000000e+00  5.0000000000000000e-01  1.0000000000000000e+00
54    7.6666666666666670e+00  0.0000000000000000e+00  5.0000000000000000e-01  1.0000000000000000e+00
55    8.0000000000000000e+00  0.0000000000000000e+00  5.0000000000000000e-01  1.0000000000000000e+00
56    4.0000000000000000e+00  5.0000000000000000e-01  5.0000000000000000e-01  1.0000000000000000e+00
57    4.3333333333333339e+00  5.0000000000000000e-01  5.0000000000000000e-01  1.0000000000000000e+00
58    4.9999999999999991e+00  5.0000000000000000e-01  5.0000000000000000e-01  1.0000000000000000e+00
59    6.0000000000000000e+00  5.0000000000000000e-01  5.0000000000000000e-01  1.0000000000000000e+00
60    7.0000000000000000e+00  5.0000000000000000e-01  5.0000000000000000e-01  1.0000000000000000e+00
61    7.6666666666666670e+00  5.0000000000000000e-01  5.0000000000000000e-01  1.0000000000000000e+00
62    8.0000000000000000e+00  5.0000000000000000e-01  5.0000000000000000e-01  1.0000000000000000e+00
63    4.0000000000000000e+00  1.5000000000000000e+00  5.0000000000000000e-01  1.0000000000000000e+00
64    4.3333333333333339e+00  1.5000000000000000e+00  5.0000000000000000e-01  1.0000000000000000e+00
65    5.0000000000000000e+00  1.5000000000000000e+00  5.0000000000000000e-01  1.0000000000000000e+00
66    6.0000000000000000e+00  1.5000000000000000e+00  5.0000000000000000e-01  1.0000000000000000e+00
67    7.0000000000000000e+00  1.5000000000000000e+00  5.0000000000000000e-01  1.0000000000000000e+00
68    7.6666666666666670e+00  1.5000000000000000e+00  5.0000000000000000e-01  1.0000000000000000e+00
69    8.0000000000000000e+00  1.5000000000000000e+00  5.0000000000000000e-01  1.0000000000000000e+00
70    4.0000000000000000e+00  3.0000000000000000e+00  5.0000000000000000e-01  1.0000000000000000e+00
71    4.3333333333333339e+00  3.0000000000000000e+00  5.0000000000000000e-01  1.0000000000000000e+00
72    5.0000000000000000e+00  3.0000000000000000e+00  5.0000000000000000e-01  1.0000000000000000e+00
73    6.0000000000000000e+00  3.0000000000000000e+00  5.0000000000000000e-01  1.0000000000000000e+00
74    7.0000000000000009e+00  3.0000000000000000e+00  5.0000000000000000e-01  1.0000000000000000e+00
75    7.6666666666666670e+00  3.0000000000000000e+00  5.0000000000000000e-01  1.0000000000000000e+00
76    8.0000000000000000e+00  3.0000000000000000e+00  5.0000000000000000e-01  1.0000000000000000e+00
77    4.0000000000000000e+00  4.5000000000000000e+00  5.0000000000000000e-01  1.0000000000000000e+00
78    4.3333333333333339e+00  4.5000000000000000e+00  5.0000000000000000e-01  1.0000000000000000e+00
79    5.0000000000000000e+00  4.5000000000000000e+00  5.0000000000000000e-01  1.0000000000000000e+00
80    6.0000000000000000e+00  4.5000000000000000e+00  5.0000000000000000e-01  1.0000000000000000e+00
81    7.0000000000000018e+00  4.5000000000000000e+00  5.0000000000000000e-01  1.0000000000000000e+00
82    7.6666666666666670e+00  4.5000000000000000e+00  5.0000000000000000e-01  1.0000000000000000e+00
83    8.0000000000000000e+00  4.5000000000000000e+00  5.0000000000000000e-01  1.0000000000000000e+00
84    4.0000000000000000e+00  5.5000000000000000e+00  5.0000000000000000e-01  1.0000000000000000e+00
85    4.3333333333333339e+00  5.5000000000000000e+00  5.0000000000000000e-01  1.0000000000000000e+00
86    4.9999999999999991e+00  5.5000000000000000e+00  5.0000000000000000e-01  1.0000000000000000e+00
87    6.0000000000000000e+00  5.5000000000000000e+00  5.0000000000000000e-01  1.0000000000000000e+00
88    7.0000000000000000e+00  5.5000000000000000e+00  5.0000000000000000e-01  1.0000000000000000e+00
89    7.6666666666666670e+00  5.5000000000000000e+00  5.0000000000000000e-01  1.0000000000000000e+00
90    8.0000000000000000e+00  5.5000000000000000e+00  5.0000000000000000e-01  1.0000000000000000e+00
91    4.0000000000000000e+00  6.0000000000000000e+00  5.0000000000000000e-01  1.0000000000000000e+00
92    4.3333333333333339e+00  6.0000000000000000e+00  5.0000000000000000e-01  1.0000000000000000e+00
93    4.9999999999999991e+00  6.0000000000000000e+00  5.0000000000000000e-01  1.0000000000000000e+00
94    6.0000000000000000e+00  6.0000000000000000e+00  5.0000000000000000e-01  1.0000000000000000e+00
95    7.0000000000000000e+00  6.0000000000000000e+00  5.0000000000000000e-01  1.0000000000000000e+00
96    7.6666666666666670e+00  6.0000000000000000e+00  5.0000000000000000e-01  1.0000000000000000e+00
97    8.0000000000000000e+00  6.0000000000000000e+00  5.0000000000000000e-01  1.0000000000000000e+00
98    4.0000000000000000e+00  0.0000000000000000e+00  1.5000000000000000e+00  1.0000000000000000e+00
99    4.3333333333333339e+00  0.0000000000000000e+00  1.5000000000000000e+00  1.0000000000000000e+00
100   5.0000000000000000e+00  0.0000000000000000e+00  1.5000000000000000e+00  1.0000000000000000e+00
101   6.0000000000000000e+00  0.0000000000000000e+00  1.5000000000000000e+00  1.0000000000000000e+00
102   7.0000000000000000e+00  0.0000000000000000e+00  1.5000000000000000e+00  1.0000000000000000e+00
103   7.6666666666666670e+00  0.0000000000000000e+00  1.5000000000000000e+00  1.0000000000000000e+00
104   8.0000000000000000e+00  0.0000000000000000e+00  1.5000000000000000e+00  1.0000000000000000e+00
105   4.0000000000000000e+00  5.0000000000000000e-01  1.5000000000000000e+00  1.0000000000000000e+00
106   4.3333333333333339e+00  5.0000000000000000e-01  1.5000000000000000e+00  1.0000000000000000e+00
107   5.0000000000000000e+00  5.0000000000000000e-01  1.5000000000000000e+00  1.0000000000000000e+00
108   6.0000000000000000e+00  5.0000000000000000e-01  1.5000000000000000e+00  1.0000000000000000e+00
109   7.0000000000000000e+00  5.0000000000000000e-01  1.5000000000000000e+00  1.0000000000000000e+00
110   7.6666666666666670e+00  5.0000000000000000e-01  1.5000000000000000e+00  1.0000000000000000e+00
111   8.0000000000000000e+00  5.0000000000000000e-01  1.5000000000000000e+00  1.0000000000000000e+00
112   4.0000000000000000e+00  1.5000000000000000e+00  1.5000000000000000e+00  1.0000000000000000e+00
113   4.3333333333333339e+00  1.5000000000000000e+00  1.5000000000000000e+00  1.0000000000000000e+00
114   5.0000000000000000e+00  1.5000000000000000e+00  1.5000000000000000e+00  1.0000000000000000e+00
115   6.0000000000000000e+00  1.5000000000000000e+00  1.5000000000000000e+00  1.0000000000000000e+00
116   7.0000000000000000e+00  1.5000000000000000e+00  1.5000000000000000e+00  1.0000000000000000e+00
117   7.6666666666666670e+00  1.5000000000000000e+00  1.5000000000000000e+00  1.0000000000000000e+00
118   8.0000000000000000e+00  1.5000000000000000e+00  1.5000000000000000e+00  1.0000000000000000e+00
119   4.0000000000000000e+00  3.0000000000000000e+00  1.5000000000000000e+00  1.0000000000000000e+00
120   4.3333333333333339e+00  3.0000000000000000e+00  1.5000000000000000e+00  1.0000000000000000e+00
121   5.0000000000000000e+00  3.0000000000000000e+00  1.5000000000000000e+00  1.0000000000000000e+00
122   6.0000000000000000e+00  3.0000000000000000e+00  1.5000000000000000e+00  1.0000000000000000e+00
123   7.0000000000000009e+00  3.0000000000000000e+00  1.5000000000000000e+00  1.0000000000000000e+00
124   7.6666666666666670e+00  3.0000000000000000e+00  1.5000000000000000e+00  1.0000000000000000e+00
125   8.0000000000000000e+00  3.0000000000000000e+00  1.5000000000000000e+00  1.0000000000000000e+00
126   4.0000000000000000e+00  4.5000000000000000e+00  1.5000000000000000e+00  1.0000000000000000e+00
127   4.3333333333333339e+00  4.5000000000000000e+00  1.5000000000000000e+00  1.0000000000000000e+00
128   5.0000000000000000e+00  4.5000000000000000e+00  1.5000000000000000e+00  1.0000000000000000e+00
129   6.0000000000000000e+00  4.5000000000000000e+00  1.5000000000000000e+00  1.0000000000000000e+00
130   7.0000000000000018e+00  4.5000000000000000e+00  1.5000000000000000e+00  1.0000000000000000e+00
131   7.6666666666666670e+00  4.5000000000000000e+00  1.5000000000000000e+00  1.0000000000000000e+00
132   8.0000000000000000e+00  4.5000000000000000e+00  1.5000000000000000e+00  1.0000000000000000e+00
133   4.0000000000000000e+00  5.5000000000000000e+00  1.5000000000000000e+00  1.0000000000000000e+00
134   4.3333333333333339e+00  5.5000000000000000e+00  1.5000000000000000e+00  1.0000000000000000e+00
135   5.0000000000000000e+00  5.5000000000000000e+00  1.5000000000000000e+00  1.0000000000000000e+00
136   6.0000000000000000e+00  5.5000000000000000e+00  1.5000000000000000e+00  1.0000000000000000e+00
137   7.0000000000000000e+00  5.5000000000000000e+00  1.5000000000000000e+00  1.0000000000000000e+00
138   7.6666666666666670e+00  5.5000000000000000e+00  1.5000000000000000e+00  1.0000000000000000e+00
139   8.0000000000000000e+00  5.5000000000000000e+00  1.5000000000000000e+00  1.0000000000000000e+00
140   4.0000000000000000e+00  6.0000000000000000e+00  1.5000000000000000e+00  1.0000000000000000e+00
141   4.3333333333333339e+00  6.0000000000000000e+00  1.5000000000000000e+00  1.0000000000000000e+00
142   5.0000000000000000e+00  6.0000000000000000e+00  1.5000000000000000e+00  1.0000000000000000e+00
143   6.0000000000000000e+00  6.0000000000000000e+00  1.5000000000000000e+00  1.0000000000000000e+00
144   7.0000000000000000e+00  6.0000000000000000e+00  1.5000000000000000e+00  1.0000000000000000e+00
145   7.6666666666666670e+00  6.0000000000000000e+00  1.5000000000000000e+00  1.0000000000000000e+00
146   8.0000000000000000e+00  6.0000000000000000e+00  1.5000000000000000e+00  1.0000000000000000e+00
147   4.0000000000000000e+00  0.0000000000000000e+00  3.0000000000000000e+00  1.0000000000000000e+00
148   4.3333333333333339e+00  0.0000000000000000e+00  3.0000000000000000e+00  1.0000000000000000e+00
149   5.0000000000000000e+00  0.0000000000000000e+00  3.0000000000000000e+00  1.0000000000000000e+00
150   6.0000000000000000e+00  0.0000000000000000e+00  3.0000000000000000e+00  1.0000000000000000e+00
151   7.0000000000000009e+00  0.0000000000000000e+00  3.0000000000000000e+00  1.0000000000000000e+00
152   7.6666666666666670e+00  0.0000000000000000e+00  3.0000000000000000e+00  1.0000000000000000e+00
153   8.0000000000000000e+00  0.0000000000000000e+00  3.0000000000000000e+00  1.0000000000000000e+00
154   4.0000000000000000e+00  5.0000000000000000e-01  3.0000000000000000e+00  1.0000000000000000e+00
155   4.3333333333333339e+00  5.0000000000000000e-01  3.0000000000000000e+00  1.0000000000000000e+00
156   5.0000000000000000e+00  5.0000000000000000e-01  3.0000000000000000e+00  1.0000000000000000e+00
157   6.0000000000000000e+00  5.0000000000000000e-01  3.0000000000000000e+00  1.0000000000000000e+00
158   7.0000000000000009e+00  5.0000000000000000e-01  3.0000000000000000e+00  1.0000000000000000e+00
159   7.6666666666666670e+00  5.0000000000000000e-01  3.0000000000000000e+00  1.0000000000000000e+00
160   8.0000000000000000e+00  5.0000000000000000e-01  3.0000000000000000e+00  1.0000000000000000e+00
161   4.0000000000000000e+00  1.5000000000000000e+00  3.0000000000000000e+00  1.0000000000000000e+00
162   4.3333333333333339e+00  1.5000000000000000e+00  3.0000000000000000e+00  1.0000000000000000e+00
163   5.0000000000000000e+00  1.5000000000000000e+00  3.0000000000000000e+00  1.0000000000000000e+00
164   6.0000000000000000e+00  1.5000000000000000e+00  3.0000000000000000e+00  1.0000000000000000e+00
165   7.0000000000000009e+00  1.5000000000000000e+00  3.0000000000000000e+00  1.0000000000000000e+00
166   7.6666666666666670e+00  1.5000000000000000e+00  3.0000000000000000e+00  1.0000000000000000e+00
167   8.0000000000000000e+00  1.5000000000000000e+00  3.0000000000000000e+00  1.0000000000000000e+00
168   4.0000000000000000e+00  3.0000000000000000e+00  3.0000000000000000e+00  1.0000000000000000e+00
169   4.3333333333333339e+00  3.0000000000000000e+00  3.0000000000000000e+00  1.0000000000000000e+00
170   5.0000000000000000e+00  3.0000000000000000e+00  3.0000000000000000e+00  1.0000000000000000e+00
171   6.0000000000000000e+00  3.0000000000000000e+00  3.0000000000000000e+00  1.0000000000000000e+00
172   7.0000000000000009e+00  3.0000000000000000e+00  3.0000000000000000e+00  1.0000000000000000e+00
173   7.6666666666666670e+00  3.0000000000000000e+00  3.0000000000000000e+00  1.0000000000000000e+00
174   8.0000000000000000e+00  3.0000000000000000e+00  3.0000000000000000e+00  1.0000000000000000e+00
175   4.0000000000000000e+00  4.5000000000000000e+00  3.0000000000000000e+00  1.0000000000000000e+00
176   4.3333333333333339e+00  4.5000000000000000e+00  3.0000000000000000e+00  1.0000000000000000e+00
177   5.0000000000000000e+00  4.5000000000000000e+00  3.0000000000000000e+00  1.0000000000000000e+00
178   6.0000000000000000e+00  4.5000000000000000e+00  3.0000000000000000e+00  1.0000000000000000e+00
179   7.0000000000000018e+00  4.5000000000000000e+00  3.0000000000000000e+00  1.0000000000000000e+00
180   7.6666666666666670e+00  4.5000000000000000e+00  3.0000000000000000e+00  1.0000000000000000e+00
181   8.0000000000000000e+00  4.5000000000000000e+00  3.0000000000000000e+00  1.0000000000000000e+00
182   4.0000000000000000e+00  5.5000000000000000e+00  3.0000000000000000e+00  1.0000000000000000e+00
183   4.3333333333333339e+00  5.5000000000000000e+00  3.0000000000000000e+00  1.0000000000000000e+00
184   5.0000000000000000e+00  5.5000000000000000e+00  3.0000000000000000e+00  1.0000000000000000e+00
185   6.0000000000000000e+00  5.5000000000000000e+00  3.0000000000000000e+00  1.0000000000000000e+00
186   7.0000000000000009e+00  5.5000000000000000e+00  3.0000000000000000e+00  1.0000000000000000e+00
187   7.6666666666666670e+00  5.5000000000000000e+00  3.0000000000000000e+00  1.0000000000000000e+00
188   8.0000000000000000e+00  5.5000000000000000e+00  3.0000000000000000e+00  1.0000000000000000e+00
189   4.0000000000000000e+00  6.0000000000000000e+00  3.0000000000000000e+00  1.0000000000000000e+00
190   4.3333333333333339e+00  6.0000000000000000e+00  3.0000000000000000e+00  1.0000000000000000e+00
191   5.0000000000000000e+00  6.0000000000000000e+00  3.0000000000000000e+00  1.0000000000000000e+00
192   6.0000000000000000e+00  6.0000000000000000e+00  3.0000000000000000e+00  1.0000000000000000e+00
193   7.0000000000000009e+00  6.0000000000000000e+00  3.0000000000000000e+00  1.0000000000000000e+00
194   7.6666666666666670e+00  6.0000000000000000e+00  3.0000000000000000e+00  1.0000000000000000e+00
195   8.0000000000000000e+00  6.0000000000000000e+00  3.0000000000000000e+00  1.0000000000000000e+00
196   4.0000000000000000e+00  0.0000000000000000e+00  4.5000000000000000e+00  1.0000000000000000e+00
197   4.3333333333333330e+00  0.0000000000000000e+00  4.5000000000000000e+00  1.0000000000000000e+00
198   5.0000000000000000e+00  0.0000000000000000e+00  4.5000000000000000e+00  1.0000000000000000e+00
199   6.0000000000000000e+00  0.0000000000000000e+00  4.5000000000000000e+00  1.0000000000000000e+00
200   7.0000000000000009e+00  0.0000000000000000e+00  4.5000000000000000e+00  1.0000000000000000e+00
201   7.6666666666666670e+00  0.0000000000000000e+00  4.5000000000000000e+00  1.0000000000000000e+00
202   8.0000000000000000e+00  0.0000000000000000e+00  4.5000000000000000e+00  1.0000000000000000e+00
203   4.0000000000000000e+00  5.0000000000000000e-01  4.5000000000000000e+00  1.0000000000000000e+00
204   4.3333333333333339e+00  5.0000000000000000e-01  4.5000000000000000e+00  1.0000000000000000e+00
205   5.0000000000000000e+00  5.0000000000000000e-01  4.5000000000000000e+00  1.0000000000000000e+00
206   6.0000000000000000e+00  5.0000000000000000e-01  4.5000000000000000e+00  1.0000000000000000e+00
207   7.0000000000000009e+00  5.0000000000000000e-01  4.5000000000000000e+00  1.0000000000000000e+00
208   7.6666666666666670e+00  5.0000000000000000e-01  4.5000000000000000e+00  1.0000000000000000e+00
209   8.0000000000000000e+00  5.0000000000000000e-01  4.5000000000000000e+00  1.0000000000000000e+00
210   4.0000000000000000e+00  1.5000000000000000e+00  4.5000000000000000e+00  1.0000000000000000e+00
211   4.3333333333333339e+00  1.5000000000000000e+00  4.5000000000000000e+00  1.0000000000000000e+00
212   5.0000000000000000e+00  1.5000000000000000e+00  4.5000000000000000e+00  1.0000000000000000e+00
213   6.0000000000000000e+00  1.5000000000000000e+00  4.5000000000000000e+00  1.0000000000000000e+00
214   7.0000000000000009e+00  1.5000000000000000e+00  4.5000000000000000e+00  1.0000000000000000e+00
215   7.6666666666666670e+00  1.5000000000000000e+00  4.5000000000000000e+00  1.0000000000000000e+00
216   8.0000000000000000e+00  1.5000000000000000e+00  4.5000000000000000e+00  1.0000000000000000e+00
217   4.0000000000000000e+00  3.0000000000000000e+00  4.5000000000000000e+00  1.0000000000000000e+00
218   4.3333333333333339e+00  3.0000000000000000e+00  4.5000000000000000e+00  1.0000000000000000e+00
219   5.0000000000000000e+00  3.0000000000000000e+00  4.5000000000000000e+00  1.0000000000000000e+00
220   6.0000000000000000e+00  3.0000000000000000e+00  4.5000000000000000e+00  1.0000000000000000e+00
221   7.0000000000000018e+00  3.0000000000000000e+00  4.5000000000000000e+00  1.0000000000000000e+00
222   7.6666666666666670e+00  3.0000000000000000e+00  4.5000000000000000e+00  1.0000000000000000e+00
223   8.0000000000000000e+00  3.0000000000000000e+00  4.5000000000000000e+00  1.0000000000000000e+00
224   4.0000000000000000e+00  4.5000000000000000e+00  4.5000000000000000e+00  1.0000000000000000e+00
225   4.3333333333333330e+00  4.5000000000000000e+00  4.5000000000000000e+00  1.0000000000000000e+00
226   5.0000000000000000e+00  4.5000000000000000e+00  4.5000000000000000e+00  1.0000000000000000e+00
227   6.0000000000000000e+00  4.5000000000000000e+00  4.5000000000000000e+00  1.0000000000000000e+00
228   7.0000000000000018e+00  4.5000000000000000e+00  4.5000000000000000e+00  1.0000000000000000e+00
229   7.6666666666666670e+00  4.5000000000000000e+00  4.5000000000000000e+00  1.0000000000000000e+00
230   8.0000000000000000e+00  4.5000000000000000e+00  4.5000000000000000e+00  1.0000000000000000e+00
231   4.0000000000000000e+00  5.5000000000000000e+00  4.5000000000000000e+00  1.0000000000000000e+00
232   4.3333333333333330e+00  5.5000000000000000e+00  4.5000000000000000e+00  1.0000000000000000e+00
233   5.0000000000000000e+00  5.5000000000000000e+00  4.5000000000000000e+00  1.0000000000000000e+00
234   6.0000000000000000e+00  5.5000000000000000e+00  4.5000000000000000e+00  1.0000000000000000e+00
235   7.0000000000000009e+00  5.5000000000000000e+00  4.5000000000000000e+00  1.0000000000000000e+00
236   7.6666666666666670e+00  5.5000000000000000e+00  4.5000000000000000e+00  1.0000000000000000e+00
237   8.0000000000000000e+00  5.5000000000000000e+00  4.5000000000000000e+00  1.0000000000000000e+00
238   4.0000000000000000e+00  6.0000000000000000e+00  4.5000000000000000e+00  1.0000000000000000e+00
239   4.3333333333333330e+00  6.0000000000000000e+00  4.5000000000000000e+00  1.0000000000000000e+00
240   5.0000000000000000e+00  6.0000000000000000e+00  4.5000000000000000e+00  1.0000000000000000e+00
241   6.0000000000000000e+00  6.0000000000000000e+00  4.5000000000000000e+00  1.0000000000000000e+00
242   7.0000000000000009e+00  6.0000000000000000e+00  4.5000000000000000e+00  1.0000000000000000e+00
243   7.6666666666666670e+00  6.0000000000000000e+00  4.5000000000000000e+00  1.0000000000000000e+00
244   8.0000000000000000e+00  6.0000000000000000e+00  4.5000000000000000e+00  1.0000000000000000e+00
245   4.0000000000000000e+00  0.0000000000000000e+00  5.5000000000000000e+00  1.0000000000000000e+00
246   4.3333333333333330e+00  0.0000000000000000e+00  5.5000000000000000e+00  1.0000000000000000e+00
247   4.9999999999999991e+00  0.0000000000000000e+00  5.5000000000000000e+00  1.0000000000000000e+00
248   6.0000000000000000e+00  0.0000000000000000e+00  5.5000000000000000e+00  1.0000000000000000e+00
249   7.0000000000000000e+00  0.0000000000000000e+00  5.5000000000000000e+00  1.0000000000000000e+00
250   7.6666666666666670e+00  0.0000000000000000e+00  5.5000000000000000e+00  1.0000000000000000e+00
251   8.0000000000000000e+00  0.0000000000000000e+00  5.5000000000000000e+00  1.0000000000000000e+00
252   4.0000000000000000e+00  5.0000000000000000e-01  5.5000000000000000e+00  1.0000000000000000e+00
253   4.3333333333333339e+00  5.0000000000000000e-01  5.5000000000000000e+00  1.0000000000000000e+00
254   4.9999999999999991e+00  5.0000000000000000e-01  5.5000000000000000e+00  1.0000000000000000e+00
255   6.0000000000000000e+00  5.0000000000000000e-01  5.5000000000000000e+00  1.0000000000000000e+00
256   7.0000000000000000e+00  5.0000000000000000e-01  5.5000000000000000e+00  1.0000000000000000e+00
257   7.6666666666666670e+00  5.0000000000000000e-01  5.5000000000000000e+00  1.0000000000000000e+00
258   8.0000000000000000e+00  5.0000000000000000e-01  5.5000000000000000e+00  1.0000000000000000e+00
259   4.0000000000000000e+00  1.5000000000000000e+00  5.5000000000000000e+00  1.0000000000000000e+00
260   4.3333333333333339e+00  1.5000000000000000e+00  5.5000000000000000e+00  1.0000000000000000e+00
261   5.0000000000000000e+00  1.5000000000000000e+00  5.5000000000000000e+00  1.0000000000000000e+00
262   6.0000000000000000e+00  1.5000000000000000e+00  5.5000000000000000e+00  1.0000000000000000e+00
263   7.0000000000000000e+00  1.5000000000000000e+00  5.5000000000000000e+00  1.0000000000000000e+00
264   7.6666666666666670e+00  1.5000000000000000e+00  5.5000000000000000e+00  1.0000000000000000e+00
265   8.0000000000000000e+00  1.5000000000000000e+00  5.5000000000000000e+00  1.0000000000000000e+00
266   4.0000000000000000e+00  3.0000000000000000e+00  5.5000000000000000e+00  1.0000000000000000e+00
267   4.3333333333333339e+00  3.0000000000000000e+00  5.5000000000000000e+00  1.0000000000000000e+00
268   5.0000000000000000e+00  3.0000000000000000e+00  5.5000000000000000e+00  1.0000000000000000e+00
269   6.0000000000000000e+00  3.0000000000000000e+00  5.5000000000000000e+00  1.0000000000000000e+00
270   7.0000000000000009e+00  3.0000000000000000e+00  5.5000000000000000e+00  1.0000000000000000e+00
271   7.6666666666666670e+00  3.0000000000000000e+00  5.5000000000000000e+00  1.0000000000000000e+00
272   8.0000000000000000e+00  3.0000000000000000e+00  5.5000000000000000e+00  1.0000000000000000e+00
273   4.0000000000000000e+00  4.5000000000000000e+00  5.5000000000000000e+00  1.0000000000000000e+00
274   4.3333333333333330e+00  4.5000000000000000e+00  5.5000000000000000e+00  1.0000000000000000e+00
275   5.0000000000000000e+00  4.5000000000000000e+00  5.5000000000000000e+00  1.0000000000000000e+00
276   6.0000000000000000e+00  4.5000000000000000e+00  5.5000000000000000e+00  1.0000000000000000e+00
277   7.0000000000000018e+00  4.5000000000000000e+00  5.5000000000000000e+00  1.0000000000000000e+00
278   7.6666666666666670e+00  4.5000000000000000e+00  5.5000000000000000e+00  1.0000000000000000e+00
279   8.0000000000000000e+00  4.5000000000000000e+00  5.5000000000000000e+00  1.0000000000000000e+00
280   4.0000000000000000e+00  5.5000000000000000e+00  5.5000000000000000e+00  1.0000000000000000e+00
281   4.3333333333333330e+00  5.5000000000000000e+00  5.5000000000000000e+00  1.0000000000000000e+00
282   4.9999999999999991e+00  5.5000000000000000e+00  5.5000000000000000e+00  1.0000000000000000e+00
283   6.0000000000000000e+00  5.5000000000000000e+00  5.5000000000000000e+00  1.0000000000000000e+00
284   7.0000000000000000e+00  5.5000000000000000e+00  5.5000000000000000e+00  1.0000000000000000e+00
285   7.6666666666666670e+00  5.5000000000000000e+00  5.5000000000000000e+00  1.0000000000000000e+00
286   8.0000000000000000e+00  5.5000000000000000e+00  5.5000000000000000e+00  1.0000000000000000e+00
287   4.0000000000000000e+00  6.0000000000000000e+00  5.5000000000000000e+00  1.0000000000000000e+00
288   4.3333333333333330e+00  6.0000000000000000e+00  5.5000000000000000e+00  1.0000000000000000e+00
289   4.9999999999999991e+00  6.0000000000000000e+00  5.5000000000000000e+00  1.0000000000000000e+00
290   6.0000000000000000e+00  6.0000000000000000e+00  5.5000000000000000e+00  1.0000000000000000e+00
291   7.0000000000000000e+00  6.0000000000000000e+00  5.5000000000000000e+00  1.0000000000000000e+00
292   7.6666666666666670e+00  6.0000000000000000e+00  5.5000000000000000e+00  1.0000000000000000e+00
293   8.0000000000000000e+00  6.0000000000000000e+00  5.5000000000000000e+00  1.0000000000000000e+00
294   4.0000000000000000e+00  0.0000000000000000e+00  6.0000000000000000e+00  1.0000000000000000e+00
295   4.3333333333333330e+00  0.0000000000000000e+00  6.0000000000000000e+00  1.0000000000000000e+00
296   4.9999999999999991e+00  0.0000000000000000e+00  6.0000000000000000e+00  1.0000000000000000e+00
297   6.0000000000000000e+00  0.0000000000000000e+00  6.0000000000000000e+00  1.0000000000000000e+00
298   7.0000000000000000e+00  0.0000000000000000e+00  6.0000000000000000e+00  1.0000000000000000e+00
299   7.6666666666666670e+00  0.0000000000000000e+00  6.0000000000000000e+00  1.0000000000000000e+00
300   8.0000000000000000e+00  0.0000000000000000e+00  6.0000000000000000e+00  1.0000000000000000e+00
301   4.0000000000000000e+00  5.0000000000000000e-01  6.0000000000000000e+00  1.0000000000000000e+00
302   4.3333333333333339e+00  5.0000000000000000e-01  6.0000000000000000e+00  1.0000000000000000e+00
303   4.9999999999999991e+00  5.0000000000000000e-01  6.0000000000000000e+00  1.0000000000000000e+00
304   6.0000000000000000e+00  5.0000000000000000e-01  6.0000000000000000e+00  1.0000000000000000e+00
305   7.0000000000000000e+00  5.0000000000000000e-01  6.0000000000000000e+00  1.0000000000000000e+00
306   7.6666666666666670e+00  5.0000000000000000e-01  6.0000000000000000e+00  1.0000000000000000e+00
307   8.0000000000000000e+00  5.0000000000000000e-01  6.0000000000000000e+00  1.0000000000000000e+00
308   4.0000000000000000e+00  1.5000000000000000e+00  6.0000000000000000e+00  1.0000000000000000e+00
309   4.3333333333333339e+00  1.5000000000000000e+00  6.0000000000000000e+00  1.0000000000000000e+00
310   5.0000000000000000e+00  1.5000000000000000e+00  6.0000000000000000e+00  1.0000000000000000e+00
311   6.0000000000000000e+00  1.5000000000000000e+00  6.0000000000000000e+00  1.0000000000000000e+00
312   7.0000000000000000e+00  1.5000000000000000e+00  6.0000000000000000e+00  1.0000000000000000e+00
313   7.6666666666666670e+00  1.5000000000000000e+00  6.0000000000000000e+00  1.0000000000000000e+00
314   8.0000000000000000e+00  1.5000000000000000e+00  6.0000000000000000e+00  1.0000000000000000e+00
315   4.0000000000000000e+00  3.0000000000000000e+00  6.0000000000000000e+00  1.0000000000000000e+00
316   4.3333333333333339e+00  3.0000000000000000e+00  6.0000000000000000e+00  1.0000000000000000e+00
317   5.0000000000000000e+00  3.0000000000000000e+00  6.0000000000000000e+00  1.0000000000000000e+00
318   6.0000000000000000e+00  3.0000000000000000e+00  6.0000000000000000e+00  1.0000000000000000e+00
319   7.0000000000000009e+00  3.0000000000000000e+00  6.0000000000000000e+00  1.0000000000000000e+00
320   7.6666666666666670e+00  3.0000000000000000e+00  6.0000000000000000e+00  1.0000000000000000e+00
321   8.0000000000000000e+00  3.0000000000000000e+00  6.0000000000000000e+00  1.0000000000000000e+00
322   4.0000000000000000e+00  4.5000000000000000e+00  6.0000000000000000e+00  1.0000000000000000e+00
323   4.3333333333333330e+00  4.5000000000000000e+00  6.0000000000000000e+00  1.0000000000000000e+00
324   5.0000000000000000e+00  4.5000000000000000e+00  6.0000000000000000e+00  1.0000000000000000e+00
325   6.0000000000000000e+00  4.5000000000000000e+00  6.0000000000000000e+00  1.0000000000000000e+00
326   7.0000000000000009e+00  4.5000000000000000e+00  6.0000000000000000e+00  1.0000000000000000e+00
327   7.6666666666666670e+00  4.5000000000000000e+00  6.0000000000000000e+00  1.0000000000000000e+00
328   8.0000000000000000e+00  4.5000000000000000e+00  6.0000000000000000e+00  1.0000000000000000e+00
329   4.0000000000000000e+00  5.5000000000000000e+00  6.0000000000000000e+00  1.0000000000000000e+00
330   4.3333333333333330e+00  5.5000000000000000e+00  6.0000000000000000e+00  1.0000000000000000e+00
331   4.9999999999999991e+00  5.5000000000000000e+00  6.0000000000000000e+00  1.0000000000000000e+00
332   6.0000000000000000e+00  5.5000000000000000e+00  6.0000000000000000e+00  1.0000000000000000e+00
333   7.0000000000000000e+00  5.5000000000000000e+00  6.0000000000000000e+00  1.0000000000000000e+00
334   7.6666666666666670e+00  5.5000000000000000e+00  6.0000000000000000e+00  1.0000000000000000e+00
335   8.0000000000000000e+00  5.5000000000000000e+00  6.0000000000000000e+00  1.0000000000000000e+00
336   4.0000000000000000e+00  6.0000000000000000e+00  6.0000000000000000e+00  1.0000000000000000e+00
337   4.3333333333333330e+00  6.0000000000000000e+00  6.0000000000000000e+00  1.0000000000000000e+00
338   4.9999999999999991e+00  6.0000000000000000e+00  6.0000000000000000e+00  1.0000000000000000e+00
339   6.0000000000000000e+00  6.0000000000000000e+00  6.0000000000000000e+00  1.0000000000000000e+00
340   7.0000000000000000e+00  6.0000000000000000e+00  6.0000000000000000e+00  1.0000000000000000e+00
341   7.6666666666666670e+00  6.0000000000000000e+00  6.0000000000000000e+00  1.0000000000000000e+00
342   8.0000000000000000e+00  6.0000000000000000e+00  6.0000000000000000e+00  1.0000000000000000e+00


