3

1000 3.000000e-01

1

125

3     3     3

9     9     9

5     5     5

0    1    2    3    4    5    6    7    8    9    10   11   12   13   14   15   16   17   18   19   20   21   22   23   24   25   26   27   28   29   30   31   32   33   34   35   36   37   38   39   40   41   42   43   44   45   46   47   48   49   50   51   52   53   54   55   56   57   58   59   60   61   62   63   64   65   66   67   68   69   70   71   72   73   74   75   76   77   78   79   80   81   82   83   84   85   86   87   88   89   90   91   92   93   94   95   96   97   98   99   100  101  102  103  104  105  106  107  108  109  110  111  112  113  114  115  116  117  118  119  120  121  122  123  124

75    0     1

0.0000000000000000e+00  0.0000000000000000e+00  0.0000000000000000e+00  0.0000000000000000e+00  5.0000000000000000e-01  1.0000000000000000e+00  1.0000000000000000e+00  1.0000000000000000e+00  1.0000000000000000e+00
0.0000000000000000e+00  0.0000000000000000e+00  0.0000000000000000e+00  0.0000000000000000e+00  5.0000000000000000e-01  1.0000000000000000e+00  1.0000000000000000e+00  1.0000000000000000e+00  1.0000000000000000e+00
0.0000000000000000e+00  0.0000000000000000e+00  0.0000000000000000e+00  0.0000000000000000e+00  5.0000000000000000e-01  1.0000000000000000e+00  1.0000000000000000e+00  1.0000000000000000e+00  1.0000000000000000e+00

0     0.0000000000000000e+00  0.0000000000000000e+00  0.0000000000000000e+00  1.0000000000000000e+00
1     1.6666666666666669e-01  0.0000000000000000e+00  0.0000000000000000e+00  1.0000000000000000e+00
2     5.0000000000000000e-01  0.0000000000000000e+00  0.0000000000000000e+00  1.0000000000000000e+00
3     8.3333333333333337e-01  0.0000000000000000e+00  0.0000000000000000e+00  1.0000000000000000e+00
4     1.0000000000000000e+00  0.0000000000000000e+00  0.0000000000000000e+00  1.0000000000000000e+00
5     0.0000000000000000e+00  1.6666666666666669e-01  0.0000000000000000e+00  1.0000000000000000e+00
6     1.6666666666666669e-01  1.6666666666666669e-01  0.0000000000000000e+00  1.0000000000000000e+00
7     5.0000000000000000e-01  1.6666666666666669e-01  0.0000000000000000e+00  1.0000000000000000e+00
8     8.3333333333333337e-01  1.6666666666666669e-01  0.0000000000000000e+00  1.0000000000000000e+00
9     1.0000000000000000e+00  1.6666666666666669e-01  0.0000000000000000e+00  1.0000000000000000e+00
10    0.0000000000000000e+00  5.0000000000000000e-01  0.0000000000000000e+00  1.0000000000000000e+00
11    1.6666666666666669e-01  5.0000000000000000e-01  0.0000000000000000e+00  1.0000000000000000e+00
12    5.0000000000000000e-01  5.0000000000000000e-01  0.0000000000000000e+00  1.0000000000000000e+00
13    8.3333333333333337e-01  5.0000000000000000e-01  0.0000000000000000e+00  1.0000000000000000e+00
14    1.0000000000000000e+00  5.0000000000000000e-01  0.0000000000000000e+00  1.0000000000000000e+00
15    0.0000000000000000e+00  8.3333333333333337e-01  0.0000000000000000e+00  1.0000000000000000e+00
16    1.6666666666666669e-01  8.3333333333333337e-01  0.0000000000000000e+00  1.0000000000000000e+00
17    5.0000000000000000e-01  8.3333333333333337e-01  0.0000000000000000e+00  1.0000000000000000e+00
18    8.3333333333333337e-01  8.3333333333333337e-01  0.0000000000000000e+00  1.0000000000000000e+00
19    1.0000000000000000e+00  8.3333333333333337e-01  0.0000000000000000e+00  1.0000000000000000e+00
20    0.0000000000000000e+00  1.0000000000000000e+00  0.0000000000000000e+00  1.0000000000000000e+00
21    1.6666666666666669e-01  1.0000000000000000e+00  0.0000000000000000e+00  1.0000000000000000e+00
22    5.0000000000000000e-01  1.0000000000000000e+00  0.0000000000000000e+00  1.0000000000000000e+00
23    8.3333333333333337e-01  1.0000000000000000e+00  0.0000000000000000e+00  1.0000000000000000e+00
24    1.0000000000000000e+00  1.0000000000000000e+00  0.0000000000000000e+00  1.0000000000000000e+00
25    0.0000000000000000e+00  0.0000000000000000e+00  1.6666666666666669e-01  1.0000000000000000e+00
26    1.6666666666666669e-01  0.0000000000000000e+00  1.6666666666666669e-01  1.0000000000000000e+00
27    5.0000000000000000e-01  0.0000000000000000e+00  1.6666666666666669e-01  1.0000000000000000e+00
28    8.3333333333333337e-01  0.0000000000000000e+00  1.6666666666666669e-01  1.0000000000000000e+00
29    1.0000000000000000e+00  0.0000000000000000e+00  1.6666666666666669e-01  1.0000000000000000e+00
30    0.0000000000000000e+00  1.6666666666666669e-01  1.6666666666666669e-01  1.0000000000000000e+00
31    1.6666666666666669e-01  1.6666666666666669e-01  1.6666666666666669e-01  1.0000000000000000e+00
32    5.0000000000000000e-01  1.6666666666666669e-01  1.6666666666666669e-01  1.0000000000000000e+00
33    8.3333333333333337e-01  1.6666666666666669e-01  1.6666666666666669e-01  1.0000000000000000e+00
34    1.0000000000000000e+00  1.6666666666666669e-01  1.6666666666666669e-01  1.0000000000000000e+00
35    0.0000000000000000e+00  5.0000000000000000e-01  1.6666666666666669e-01  1.0000000000000000e+00
36    1.6666666666666669e-01  5.0000000000000000e-01  1.6666666666666669e-01  1.0000000000000000e+00
37    5.0000000000000000e-01  5.0000000000000000e-01  1.6666666666666669e-01  1.0000000000000000e+00
38    8.3333333333333337e-01  5.0000000000000000e-01  1.6666666666666669e-01  1.0000000000000000e+00
39    1.0000000000000000e+00  5.0000000000000000e-01  1.6666666666666669e-01  1.0000000000000000e+00
40    0.0000000000000000e+00  8.3333333333333337e-01  1.6666666666666669e-01  1.0000000000000000e+00
41    1.6666666666666669e-01  8.3333333333333337e-01  1.6666666666666669e-01  1.0000000000000000e+00
42    5.0000000000000000e-01  8.3333333333333337e-01  1.6666666666666669e-01  1.0000000000000000e+00
43    8.3333333333333337e-01  8.3333333333333337e-01  1.6666666666666669e-01  1.0000000000000000e+00
44    1.0000000000000000e+00  8.3333333333333337e-01  1.6666666666666669e-01  1.0000000000000000e+00
45    0.0000000000000000e+00  1.0000000000000000e+00  1.6666666666666669e-01  1.0000000000000000e+00
46    1.6666666666666669e-01  1.0000000000000000e+00  1.6666666666666669e-01  1.0000000000000000e+00
47    5.0000000000000000e-01  1.0000000000000000e+00  1.6666666666666669e-01  1.0000000000000000e+00
48    8.3333333333333337e-01  1.0000000000000000e+00  1.6666666666666669e-01  1.0000000000000000e+00
49    1.0000000000000000e+00  1.0000000000000000e+00  1.6666666666666669e-01  1.0000000000000000e+00
50    0.0000000000000000e+00  0.0000000000000000e+00  5.0000000000000000e-01  1.0000000000000000e+00
51    1.6666666666666669e-01  0.0000000000000000e+00  5.0000000000000000e-01  1.0000000000000000e+00
52    5.0000000000000000e-01  0.0000000000000000e+00  5.0000000000000000e-01  1.0000000000000000e+00
53    8.3333333333333337e-01  0.0000000000000000e+00  5.0000000000000000e-01  1.0000000000000000e+00
54    1.0000000000000000e+00  0.0000000000000000e+00  5.0000000000000000e-01  1.0000000000000000e+00
55    0.0000000000000000e+00  1.6666666666666669e-01  5.0000000000000000e-01  1.0000000000000000e+00
56    1.6666666666666669e-01  1.6666666666666669e-01  5.0000000000000000e-01  1.0000000000000000e+00
57    5.0000000000000000e-01  1.6666666666666669e-01  5.0000000000000000e-01  1.0000000000000000e+00
58    8.3333333333333337e-01  1.6666666666666669e-01  5.0000000000000000e-01  1.0000000000000000e+00
59    1.0000000000000000e+00  1.6666666666666669e-01  5.0000000000000000e-01  1.0000000000000000e+00
60    0.0000000000000000e+00  5.0000000000000000e-01  5.0000000000000000e-01  1.0000000000000000e+00
61    1.6666666666666669e-01  5.0000000000000000e-01  5.0000000000000000e-01  1.0000000000000000e+00
62    5.0000000000000000e-01  5.0000000000000000e-01  5.0000000000000000e-01  1.0000000000000000e+00
63    8.3333333333333337e-01  5.0000000000000000e-01  5.0000000000000000e-01  1.0000000000000000e+00
64    1.0000000000000000e+00  5.0000000000000000e-01  5.0000000000000000e-01  1.0000000000000000e+00
65    0.0000000000000000e+00  8.3333333333333337e-01  5.0000000000000000e-01  1.0000000000000000e+00
66    1.6666666666666669e-01  8.3333333333333337e-01  5.0000000000000000e-01  1.0000000000000000e+00
67    5.0000000000000000e-01  8.3333333333333337e-01  5.0000000000000000e-01  1.0000000000000000e+00
68    8.3333333333333337e-01  8.3333333333333337e-01  5.0000000000000000e-01  1.0000000000000000e+00
69    1.0000000000000000e+00  8.3333333333333337e-01  5.0000000000000000e-01  1.0000000000000000e+00
70    0.0000000000000000e+00  1.0000000000000000e+00  5.0000000000000000e-01  1.0000000000000000e+00
71    1.6666666666666669e-01  1.0000000000000000e+00  5.0000000000000000e-01  1.0000000000000000e+00
72    5.0000000000000000e-01  1.0000000000000000e+00  5.0000000000000000e-01  1.0000000000000000e+00
73    8.3333333333333337e-01  1.0000000000000000e+00  5.0000000000000000e-01  1.0000000000000000e+00
74    1.0000000000000000e+00  1.0000000000000000e+00  5.0000000000000000e-01  1.0000000000000000e+00
75    0.0000000000000000e+00  0.0000000000000000e+00  8.3333333333333337e-01  1.0000000000000000e+00
76    1.6666666666666669e-01  0.0000000000000000e+00  8.3333333333333337e-01  1.0000000000000000e+00
77    5.0000000000000000e-01  0.0000000000000000e+00  8.3333333333333337e-01  1.0000000000000000e+00
78    8.3333333333333337e-01  0.0000000000000000e+00  8.3333333333333337e-01  1.0000000000000000e+00
79    1.0000000000000000e+00  0.0000000000000000e+00  8.3333333333333337e-01  1.0000000000000000e+00
80    0.0000000000000000e+00  1.6666666666666669e-01  8.3333333333333337e-01  1.0000000000000000e+00
81    1.6666666666666669e-01  1.6666666666666669e-01  8.3333333333333337e-01  1.0000000000000000e+00
82    5.0000000000000000e-01  1.6666666666666669e-01  8.3333333333333337e-01  1.0000000000000000e+00
83    8.3333333333333337e-01  1.6666666666666669e-01  8.3333333333333337e-01  1.0000000000000000e+00
84    1.0000000000000000e+00  1.6666666666666669e-01  8.3333333333333337e-01  1.0000000000000000e+00
85    0.0000000000000000e+00  5.0000000000000000e-01  8.3333333333333337e-01  1.0000000000000000e+00
86    1.6666666666666669e-01  5.0000000000000000e-01  8.3333333333333337e-01  1.0000000000000000e+00
87    5.0000000000000000e-01  5.0000000000000000e-01  8.3333333333333337e-01  1.0000000000000000e+00
88    8.3333333333333337e-01  5.0000000000000000e-01  8.3333333333333337e-01  1.0000000000000000e+00
89    1.0000000000000000e+00  5.0000000000000000e-01  8.3333333333333337e-01  1.0000000000000000e+00
90    0.0000000000000000e+00  8.3333333333333337e-01  8.3333333333333337e-01  1.0000000000000000e+00
91    1.6666666666666669e-01  8.3333333333333337e-01  8.3333333333333337e-01  1.0000000000000000e+00
92    5.0000000000000000e-01  8.3333333333333337e-01  8.3333333333333337e-01  1.0000000000000000e+00
93    8.3333333333333337e-01  8.3333333333333337e-01  8.3333333333333337e-01  1.0000000000000000e+00
94    1.0000000000000000e+00  8.3333333333333337e-01  8.3333333333333337e-01  1.0000000000000000e+00
95    0.0000000000000000e+00  1.0000000000000000e+00  8.3333333333333337e-01  1.0000000000000000e+00
96    1.6666666666666669e-01  1.0000000000000000e+00  8.3333333333333337e-01  1.0000000000000000e+00
97    5.0000000000000000e-01  1.0000000000000000e+00  8.3333333333333337e-01  1.0000000000000000e+00
98    8.3333333333333337e-01  1.0000000000000000e+00  8.3333333333333337e-01  1.0000000000000000e+00
99    1.0000000000000000e+00  1.0000000000000000e+00  8.3333333333333337e-01  1.0000000000000000e+00
100   0.0000000000000000e+00  0.0000000000000000e+00  1.0000000000000000e+00  1.0000000000000000e+00
101   1.6666666666666669e-01  0.0000000000000000e+00  1.0000000000000000e+00  1.0000000000000000e+00
102   5.0000000000000000e-01  0.0000000000000000e+00  1.0000000000000000e+00  1.0000000000000000e+00
103   8.3333333333333337e-01  0.0000000000000000e+00  1.0000000000000000e+00  1.0000000000000000e+00
104   1.0000000000000000e+00  0.0000000000000000e+00  1.0000000000000000e+00  1.0000000000000000e+00
105   0.0000000000000000e+00  1.6666666666666669e-01  1.0000000000000000e+00  1.0000000000000000e+00
106   1.6666666666666669e-01  1.6666666666666669e-01  1.0000000000000000e+00  1.0000000000000000e+00
107   5.0000000000000000e-01  1.6666666666666669e-01  1.0000000000000000e+00  1.0000000000000000e+00
108   8.3333333333333337e-01  1.6666666666666669e-01  1.0000000000000000e+00  1.0000000000000000e+00
109   1.0000000000000000e+00  1.6666666666666669e-01  1.0000000000000000e+00  1.0000000000000000e+00
110   0.0000000000000000e+00  5.0000000000000000e-01  1.0000000000000000e+00  1.0000000000000000e+00
111   1.6666666666666669e-01  5.0000000000000000e-01  1.0000000000000000e+00  1.0000000000000000e+00
112   5.0000000000000000e-01  5.0000000000000000e-01  1.0000000000000000e+00  1.0000000000000000e+00
113   8.3333333333333337e-01  5.0000000000000000e-01  1.0000000000000000e+00  1.0000000000000000e+00
114   1.0000000000000000e+00  5.0000000000000000e-01  1.0000000000000000e+00  1.0000000000000000e+00
115   0.0000000000000000e+00  8.3333333333333337e-01  1.0000000000000000e+00  1.0000000000000000e+00
116   1.6666666666666669e-01  8.3333333333333337e-01  1.0000000000000000e+00  1.0000000000000000e+00
117   5.0000000000000000e-01  8.3333333333333337e-01  1.0000000000000000e+00  1.0000000000000000e+00
118   8.3333333333333337e-01  8.3333333333333337e-01  1.0000000000000000e+00  1.0000000000000000e+00
119   1.0000000000000000e+00  8.3333333333333337e-01  1.0000000000000000e+00  1.0000000000000000e+00
120   0.0000000000000000e+00  1.0000000000000000e+00  1.0000000000000000e+00  1.0000000000000000e+00
121   1.6666666666666669e-01  1.0000000000000000e+00  1.0000000000000000e+00  1.0000000000000000e+00
122   5.0000000000000000e-01  1.0000000000000000e+00  1.0000000000000000e+00  1.0000000000000000e+00
123   8.3333333333333337e-01  1.0000000000000000e+00  1.0000000000000000e+00  1.0000000000000000e+00
124   1.0000000000000000e+00  1.0000000000000000e+00  1.0000000000000000e+00  1.0000000000000000e+00

0    0    0.000000e+00
5    0    0.000000e+00
10   0    0.000000e+00
15   0    0.000000e+00
20   0    0.000000e+00
25   0    0.000000e+00
30   0    0.000000e+00
35   0    0.000000e+00
40   0    0.000000e+00
45   0    0.000000e+00
50   0    0.000000e+00
55   0    0.000000e+00
60   0    0.000000e+00
65   0    0.000000e+00
70   0    0.000000e+00
75   0    0.000000e+00
80   0    0.000000e+00
85   0    0.000000e+00
90   0    0.000000e+00
95   0    0.000000e+00
100  0    0.000000e+00
105  0    0.000000e+00
110  0    0.000000e+00
115  0    0.000000e+00
120  0    0.000000e+00
0    1    0.000000e+00
1    1    0.000000e+00
2    1    0.000000e+00
3    1    0.000000e+00
4    1    0.000000e+00
25   1    0.000000e+00
26   1    0.000000e+00
27   1    0.000000e+00
28   1    0.000000e+00
29   1    0.000000e+00
50   1    0.000000e+00
51   1    0.000000e+00
52   1    0.000000e+00
53   1    0.000000e+00
54   1    0.000000e+00
75   1    0.000000e+00
76   1    0.000000e+00
77   1    0.000000e+00
78   1    0.000000e+00
79   1    0.000000e+00
100  1    0.000000e+00
101  1    0.000000e+00
102  1    0.000000e+00
103  1    0.000000e+00
104  1    0.000000e+00
0    2    0.000000e+00
1    2    0.000000e+00
2    2    0.000000e+00
3    2    0.000000e+00
4    2    0.000000e+00
5    2    0.000000e+00
6    2    0.000000e+00
7    2    0.000000e+00
8    2    0.000000e+00
9    2    0.000000e+00
10   2    0.000000e+00
11   2    0.000000e+00
12   2    0.000000e+00
13   2    0.000000e+00
14   2    0.000000e+00
15   2    0.000000e+00
16   2    0.000000e+00
17   2    0.000000e+00
18   2    0.000000e+00
19   2    0.000000e+00
20   2    0.000000e+00
21   2    0.000000e+00
22   2    0.000000e+00
23   2    0.000000e+00
24   2    0.000000e+00

2    0    0 1    1.000000e+00   0.000000e+00 1.000000e+00   0.000000e+00 1.000000e+00   1.000000e+00 0.000000e+00 0.000000e+00   1.000000e+01 0.000000e+00 0.000000e+00