3

1000  3.000000e-01

1

216

3    3    3

10   10   10

6    6    6

0    1    2    3    4    5    6    7    8    9    10   11   12   13   14   15   16   17   18   19   20   21   22   23   24   25   26   27   28   29   30   31   32   33   34   35   36   37   38   39   40   41   42   43   44   45   46   47   48   49   50   51   52   53   54   55   56   57   58   59   60   61   62   63   64   65   66   67   68   69   70   71   72   73   74   75   76   77   78   79   80   81   82   83   84   85   86   87   88   89   90   91   92   93   94   95   96   97   98   99   100  101  102  103  104  105  106  107  108  109  110  111  112  113  114  115  116  117  118  119  120  121  122  123  124  125  126  127  128  129  130  131  132  133  134  135  136  137  138  139  140  141  142  143  144  145  146  147  148  149  150  151  152  153  154  155  156  157  158  159  160  161  162  163  164  165  166  167  168  169  170  171  172  173  174  175  176  177  178  179  180  181  182  183  184  185  186  187  188  189  190  191  192  193  194  195  196  197  198  199  200  201  202  203  204  205  206  207  208  209  210  211  212  213  214  215

144  0    0

0.0000000000000000e+00  0.0000000000000000e+00  0.0000000000000000e+00  0.0000000000000000e+00  3.3333333333333331e-01  6.6666666666666663e-01  1.0000000000000000e+00  1.0000000000000000e+00  1.0000000000000000e+00  1.0000000000000000e+00
0.0000000000000000e+00  0.0000000000000000e+00  0.0000000000000000e+00  0.0000000000000000e+00  3.3333333333333331e-01  6.6666666666666663e-01  1.0000000000000000e+00  1.0000000000000000e+00  1.0000000000000000e+00  1.0000000000000000e+00
0.0000000000000000e+00  0.0000000000000000e+00  0.0000000000000000e+00  0.0000000000000000e+00  3.3333333333333331e-01  6.6666666666666663e-01  1.0000000000000000e+00  1.0000000000000000e+00  1.0000000000000000e+00  1.0000000000000000e+00

0     0.0000000000000000e+00  0.0000000000000000e+00  0.0000000000000000e+00  1.0000000000000000e+00
1     4.4444444444444448e-01  0.0000000000000000e+00  0.0000000000000000e+00  1.0000000000000000e+00
2     1.3333333333333335e+00  0.0000000000000000e+00  0.0000000000000000e+00  1.0000000000000000e+00
3     2.6666666666666670e+00  0.0000000000000000e+00  0.0000000000000000e+00  1.0000000000000000e+00
4     3.5555555555555554e+00  0.0000000000000000e+00  0.0000000000000000e+00  1.0000000000000000e+00
5     4.0000000000000000e+00  0.0000000000000000e+00  0.0000000000000000e+00  1.0000000000000000e+00
6     0.0000000000000000e+00  6.6666666666666663e-01  0.0000000000000000e+00  1.0000000000000000e+00
7     4.4444444444444448e-01  6.6666666666666663e-01  0.0000000000000000e+00  1.0000000000000000e+00
8     1.3333333333333335e+00  6.6666666666666663e-01  0.0000000000000000e+00  1.0000000000000000e+00
9     2.6666666666666670e+00  6.6666666666666663e-01  0.0000000000000000e+00  1.0000000000000000e+00
10    3.5555555555555558e+00  6.6666666666666663e-01  0.0000000000000000e+00  1.0000000000000000e+00
11    4.0000000000000000e+00  6.6666666666666663e-01  0.0000000000000000e+00  1.0000000000000000e+00
12    0.0000000000000000e+00  2.0000000000000000e+00  0.0000000000000000e+00  1.0000000000000000e+00
13    4.4444444444444453e-01  2.0000000000000000e+00  0.0000000000000000e+00  1.0000000000000000e+00
14    1.3333333333333335e+00  2.0000000000000000e+00  0.0000000000000000e+00  1.0000000000000000e+00
15    2.6666666666666670e+00  2.0000000000000000e+00  0.0000000000000000e+00  1.0000000000000000e+00
16    3.5555555555555554e+00  2.0000000000000000e+00  0.0000000000000000e+00  1.0000000000000000e+00
17    4.0000000000000000e+00  2.0000000000000000e+00  0.0000000000000000e+00  1.0000000000000000e+00
18    0.0000000000000000e+00  4.0000000000000000e+00  0.0000000000000000e+00  1.0000000000000000e+00
19    4.4444444444444453e-01  4.0000000000000000e+00  0.0000000000000000e+00  1.0000000000000000e+00
20    1.3333333333333335e+00  4.0000000000000000e+00  0.0000000000000000e+00  1.0000000000000000e+00
21    2.6666666666666670e+00  4.0000000000000000e+00  0.0000000000000000e+00  1.0000000000000000e+00
22    3.5555555555555554e+00  4.0000000000000000e+00  0.0000000000000000e+00  1.0000000000000000e+00
23    4.0000000000000000e+00  4.0000000000000000e+00  0.0000000000000000e+00  1.0000000000000000e+00
24    0.0000000000000000e+00  5.3333333333333339e+00  0.0000000000000000e+00  1.0000000000000000e+00
25    4.4444444444444442e-01  5.3333333333333339e+00  0.0000000000000000e+00  1.0000000000000000e+00
26    1.3333333333333335e+00  5.3333333333333339e+00  0.0000000000000000e+00  1.0000000000000000e+00
27    2.6666666666666670e+00  5.3333333333333339e+00  0.0000000000000000e+00  1.0000000000000000e+00
28    3.5555555555555554e+00  5.3333333333333339e+00  0.0000000000000000e+00  1.0000000000000000e+00
29    4.0000000000000000e+00  5.3333333333333339e+00  0.0000000000000000e+00  1.0000000000000000e+00
30    0.0000000000000000e+00  6.0000000000000000e+00  0.0000000000000000e+00  1.0000000000000000e+00
31    4.4444444444444448e-01  6.0000000000000000e+00  0.0000000000000000e+00  1.0000000000000000e+00
32    1.3333333333333335e+00  6.0000000000000000e+00  0.0000000000000000e+00  1.0000000000000000e+00
33    2.6666666666666670e+00  6.0000000000000000e+00  0.0000000000000000e+00  1.0000000000000000e+00
34    3.5555555555555554e+00  6.0000000000000000e+00  0.0000000000000000e+00  1.0000000000000000e+00
35    4.0000000000000000e+00  6.0000000000000000e+00  0.0000000000000000e+00  1.0000000000000000e+00
36    0.0000000000000000e+00  0.0000000000000000e+00  6.6666666666666663e-01  1.0000000000000000e+00
37    4.4444444444444448e-01  0.0000000000000000e+00  6.6666666666666663e-01  1.0000000000000000e+00
38    1.3333333333333335e+00  0.0000000000000000e+00  6.6666666666666663e-01  1.0000000000000000e+00
39    2.6666666666666670e+00  0.0000000000000000e+00  6.6666666666666663e-01  1.0000000000000000e+00
40    3.5555555555555558e+00  0.0000000000000000e+00  6.6666666666666663e-01  1.0000000000000000e+00
41    4.0000000000000000e+00  0.0000000000000000e+00  6.6666666666666663e-01  1.0000000000000000e+00
42    0.0000000000000000e+00  6.6666666666666674e-01  6.6666666666666663e-01  1.0000000000000000e+00
43    4.4444444444444448e-01  6.6666666666666674e-01  6.6666666666666663e-01  1.0000000000000000e+00
44    1.3333333333333335e+00  6.6666666666666674e-01  6.6666666666666663e-01  1.0000000000000000e+00
45    2.6666666666666670e+00  6.6666666666666674e-01  6.6666666666666663e-01  1.0000000000000000e+00
46    3.5555555555555558e+00  6.6666666666666674e-01  6.6666666666666663e-01  1.0000000000000000e+00
47    4.0000000000000000e+00  6.6666666666666674e-01  6.6666666666666663e-01  1.0000000000000000e+00
48    0.0000000000000000e+00  2.0000000000000000e+00  6.6666666666666663e-01  1.0000000000000000e+00
49    4.4444444444444453e-01  2.0000000000000000e+00  6.6666666666666663e-01  1.0000000000000000e+00
50    1.3333333333333335e+00  2.0000000000000000e+00  6.6666666666666663e-01  1.0000000000000000e+00
51    2.6666666666666670e+00  2.0000000000000000e+00  6.6666666666666663e-01  1.0000000000000000e+00
52    3.5555555555555558e+00  2.0000000000000000e+00  6.6666666666666663e-01  1.0000000000000000e+00
53    4.0000000000000000e+00  2.0000000000000000e+00  6.6666666666666663e-01  1.0000000000000000e+00
54    0.0000000000000000e+00  4.0000000000000000e+00  6.6666666666666663e-01  1.0000000000000000e+00
55    4.4444444444444453e-01  4.0000000000000000e+00  6.6666666666666663e-01  1.0000000000000000e+00
56    1.3333333333333335e+00  4.0000000000000000e+00  6.6666666666666663e-01  1.0000000000000000e+00
57    2.6666666666666670e+00  4.0000000000000000e+00  6.6666666666666663e-01  1.0000000000000000e+00
58    3.5555555555555558e+00  4.0000000000000000e+00  6.6666666666666663e-01  1.0000000000000000e+00
59    4.0000000000000000e+00  4.0000000000000000e+00  6.6666666666666663e-01  1.0000000000000000e+00
60    0.0000000000000000e+00  5.3333333333333339e+00  6.6666666666666663e-01  1.0000000000000000e+00
61    4.4444444444444448e-01  5.3333333333333339e+00  6.6666666666666663e-01  1.0000000000000000e+00
62    1.3333333333333335e+00  5.3333333333333339e+00  6.6666666666666663e-01  1.0000000000000000e+00
63    2.6666666666666670e+00  5.3333333333333339e+00  6.6666666666666663e-01  1.0000000000000000e+00
64    3.5555555555555558e+00  5.3333333333333339e+00  6.6666666666666663e-01  1.0000000000000000e+00
65    4.0000000000000000e+00  5.3333333333333339e+00  6.6666666666666663e-01  1.0000000000000000e+00
66    0.0000000000000000e+00  6.0000000000000000e+00  6.6666666666666663e-01  1.0000000000000000e+00
67    4.4444444444444448e-01  6.0000000000000000e+00  6.6666666666666663e-01  1.0000000000000000e+00
68    1.3333333333333335e+00  6.0000000000000000e+00  6.6666666666666663e-01  1.0000000000000000e+00
69    2.6666666666666670e+00  6.0000000000000000e+00  6.6666666666666663e-01  1.0000000000000000e+00
70    3.5555555555555558e+00  6.0000000000000000e+00  6.6666666666666663e-01  1.0000000000000000e+00
71    4.0000000000000000e+00  6.0000000000000000e+00  6.6666666666666663e-01  1.0000000000000000e+00
72    0.0000000000000000e+00  0.0000000000000000e+00  2.0000000000000000e+00  1.0000000000000000e+00
73    4.4444444444444453e-01  0.0000000000000000e+00  2.0000000000000000e+00  1.0000000000000000e+00
74    1.3333333333333335e+00  0.0000000000000000e+00  2.0000000000000000e+00  1.0000000000000000e+00
75    2.6666666666666670e+00  0.0000000000000000e+00  2.0000000000000000e+00  1.0000000000000000e+00
76    3.5555555555555554e+00  0.0000000000000000e+00  2.0000000000000000e+00  1.0000000000000000e+00
77    4.0000000000000000e+00  0.0000000000000000e+00  2.0000000000000000e+00  1.0000000000000000e+00
78    0.0000000000000000e+00  6.6666666666666663e-01  2.0000000000000000e+00  1.0000000000000000e+00
79    4.4444444444444453e-01  6.6666666666666663e-01  2.0000000000000000e+00  1.0000000000000000e+00
80    1.3333333333333335e+00  6.6666666666666663e-01  2.0000000000000000e+00  1.0000000000000000e+00
81    2.6666666666666670e+00  6.6666666666666663e-01  2.0000000000000000e+00  1.0000000000000000e+00
82    3.5555555555555562e+00  6.6666666666666663e-01  2.0000000000000000e+00  1.0000000000000000e+00
83    4.0000000000000000e+00  6.6666666666666663e-01  2.0000000000000000e+00  1.0000000000000000e+00
84    0.0000000000000000e+00  2.0000000000000000e+00  2.0000000000000000e+00  1.0000000000000000e+00
85    4.4444444444444453e-01  2.0000000000000000e+00  2.0000000000000000e+00  1.0000000000000000e+00
86    1.3333333333333335e+00  2.0000000000000000e+00  2.0000000000000000e+00  1.0000000000000000e+00
87    2.6666666666666670e+00  2.0000000000000000e+00  2.0000000000000000e+00  1.0000000000000000e+00
88    3.5555555555555554e+00  2.0000000000000000e+00  2.0000000000000000e+00  1.0000000000000000e+00
89    4.0000000000000000e+00  2.0000000000000000e+00  2.0000000000000000e+00  1.0000000000000000e+00
90    0.0000000000000000e+00  4.0000000000000000e+00  2.0000000000000000e+00  1.0000000000000000e+00
91    4.4444444444444453e-01  4.0000000000000000e+00  2.0000000000000000e+00  1.0000000000000000e+00
92    1.3333333333333335e+00  4.0000000000000000e+00  2.0000000000000000e+00  1.0000000000000000e+00
93    2.6666666666666670e+00  4.0000000000000000e+00  2.0000000000000000e+00  1.0000000000000000e+00
94    3.5555555555555554e+00  4.0000000000000000e+00  2.0000000000000000e+00  1.0000000000000000e+00
95    4.0000000000000000e+00  4.0000000000000000e+00  2.0000000000000000e+00  1.0000000000000000e+00
96    0.0000000000000000e+00  5.3333333333333339e+00  2.0000000000000000e+00  1.0000000000000000e+00
97    4.4444444444444442e-01  5.3333333333333339e+00  2.0000000000000000e+00  1.0000000000000000e+00
98    1.3333333333333335e+00  5.3333333333333339e+00  2.0000000000000000e+00  1.0000000000000000e+00
99    2.6666666666666670e+00  5.3333333333333339e+00  2.0000000000000000e+00  1.0000000000000000e+00
100   3.5555555555555554e+00  5.3333333333333339e+00  2.0000000000000000e+00  1.0000000000000000e+00
101   4.0000000000000000e+00  5.3333333333333339e+00  2.0000000000000000e+00  1.0000000000000000e+00
102   0.0000000000000000e+00  6.0000000000000000e+00  2.0000000000000000e+00  1.0000000000000000e+00
103   4.4444444444444453e-01  6.0000000000000000e+00  2.0000000000000000e+00  1.0000000000000000e+00
104   1.3333333333333335e+00  6.0000000000000000e+00  2.0000000000000000e+00  1.0000000000000000e+00
105   2.6666666666666670e+00  6.0000000000000000e+00  2.0000000000000000e+00  1.0000000000000000e+00
106   3.5555555555555554e+00  6.0000000000000000e+00  2.0000000000000000e+00  1.0000000000000000e+00
107   4.0000000000000000e+00  6.0000000000000000e+00  2.0000000000000000e+00  1.0000000000000000e+00
108   0.0000000000000000e+00  0.0000000000000000e+00  4.0000000000000000e+00  1.0000000000000000e+00
109   4.4444444444444453e-01  0.0000000000000000e+00  4.0000000000000000e+00  1.0000000000000000e+00
110   1.3333333333333335e+00  0.0000000000000000e+00  4.0000000000000000e+00  1.0000000000000000e+00
111   2.6666666666666670e+00  0.0000000000000000e+00  4.0000000000000000e+00  1.0000000000000000e+00
112   3.5555555555555554e+00  0.0000000000000000e+00  4.0000000000000000e+00  1.0000000000000000e+00
113   4.0000000000000000e+00  0.0000000000000000e+00  4.0000000000000000e+00  1.0000000000000000e+00
114   0.0000000000000000e+00  6.6666666666666663e-01  4.0000000000000000e+00  1.0000000000000000e+00
115   4.4444444444444453e-01  6.6666666666666663e-01  4.0000000000000000e+00  1.0000000000000000e+00
116   1.3333333333333335e+00  6.6666666666666663e-01  4.0000000000000000e+00  1.0000000000000000e+00
117   2.6666666666666670e+00  6.6666666666666663e-01  4.0000000000000000e+00  1.0000000000000000e+00
118   3.5555555555555562e+00  6.6666666666666663e-01  4.0000000000000000e+00  1.0000000000000000e+00
119   4.0000000000000000e+00  6.6666666666666663e-01  4.0000000000000000e+00  1.0000000000000000e+00
120   0.0000000000000000e+00  2.0000000000000000e+00  4.0000000000000000e+00  1.0000000000000000e+00
121   4.4444444444444453e-01  2.0000000000000000e+00  4.0000000000000000e+00  1.0000000000000000e+00
122   1.3333333333333335e+00  2.0000000000000000e+00  4.0000000000000000e+00  1.0000000000000000e+00
123   2.6666666666666670e+00  2.0000000000000000e+00  4.0000000000000000e+00  1.0000000000000000e+00
124   3.5555555555555554e+00  2.0000000000000000e+00  4.0000000000000000e+00  1.0000000000000000e+00
125   4.0000000000000000e+00  2.0000000000000000e+00  4.0000000000000000e+00  1.0000000000000000e+00
126   0.0000000000000000e+00  4.0000000000000000e+00  4.0000000000000000e+00  1.0000000000000000e+00
127   4.4444444444444453e-01  4.0000000000000000e+00  4.0000000000000000e+00  1.0000000000000000e+00
128   1.3333333333333335e+00  4.0000000000000000e+00  4.0000000000000000e+00  1.0000000000000000e+00
129   2.6666666666666670e+00  4.0000000000000000e+00  4.0000000000000000e+00  1.0000000000000000e+00
130   3.5555555555555554e+00  4.0000000000000000e+00  4.0000000000000000e+00  1.0000000000000000e+00
131   4.0000000000000000e+00  4.0000000000000000e+00  4.0000000000000000e+00  1.0000000000000000e+00
132   0.0000000000000000e+00  5.3333333333333339e+00  4.0000000000000000e+00  1.0000000000000000e+00
133   4.4444444444444442e-01  5.3333333333333339e+00  4.0000000000000000e+00  1.0000000000000000e+00
134   1.3333333333333335e+00  5.3333333333333339e+00  4.0000000000000000e+00  1.0000000000000000e+00
135   2.6666666666666670e+00  5.3333333333333339e+00  4.0000000000000000e+00  1.0000000000000000e+00
136   3.5555555555555554e+00  5.3333333333333339e+00  4.0000000000000000e+00  1.0000000000000000e+00
137   4.0000000000000000e+00  5.3333333333333339e+00  4.0000000000000000e+00  1.0000000000000000e+00
138   0.0000000000000000e+00  6.0000000000000000e+00  4.0000000000000000e+00  1.0000000000000000e+00
139   4.4444444444444453e-01  6.0000000000000000e+00  4.0000000000000000e+00  1.0000000000000000e+00
140   1.3333333333333335e+00  6.0000000000000000e+00  4.0000000000000000e+00  1.0000000000000000e+00
141   2.6666666666666670e+00  6.0000000000000000e+00  4.0000000000000000e+00  1.0000000000000000e+00
142   3.5555555555555554e+00  6.0000000000000000e+00  4.0000000000000000e+00  1.0000000000000000e+00
143   4.0000000000000000e+00  6.0000000000000000e+00  4.0000000000000000e+00  1.0000000000000000e+00
144   0.0000000000000000e+00  0.0000000000000000e+00  5.3333333333333339e+00  1.0000000000000000e+00
145   4.4444444444444442e-01  0.0000000000000000e+00  5.3333333333333339e+00  1.0000000000000000e+00
146   1.3333333333333335e+00  0.0000000000000000e+00  5.3333333333333339e+00  1.0000000000000000e+00
147   2.6666666666666670e+00  0.0000000000000000e+00  5.3333333333333339e+00  1.0000000000000000e+00
148   3.5555555555555554e+00  0.0000000000000000e+00  5.3333333333333339e+00  1.0000000000000000e+00
149   4.0000000000000000e+00  0.0000000000000000e+00  5.3333333333333339e+00  1.0000000000000000e+00
150   0.0000000000000000e+00  6.6666666666666663e-01  5.3333333333333339e+00  1.0000000000000000e+00
151   4.4444444444444442e-01  6.6666666666666663e-01  5.3333333333333339e+00  1.0000000000000000e+00
152   1.3333333333333335e+00  6.6666666666666663e-01  5.3333333333333339e+00  1.0000000000000000e+00
153   2.6666666666666670e+00  6.6666666666666663e-01  5.3333333333333339e+00  1.0000000000000000e+00
154   3.5555555555555554e+00  6.6666666666666663e-01  5.3333333333333339e+00  1.0000000000000000e+00
155   4.0000000000000000e+00  6.6666666666666663e-01  5.3333333333333339e+00  1.0000000000000000e+00
156   0.0000000000000000e+00  2.0000000000000000e+00  5.3333333333333339e+00  1.0000000000000000e+00
157   4.4444444444444453e-01  2.0000000000000000e+00  5.3333333333333339e+00  1.0000000000000000e+00
158   1.3333333333333335e+00  2.0000000000000000e+00  5.3333333333333339e+00  1.0000000000000000e+00
159   2.6666666666666670e+00  2.0000000000000000e+00  5.3333333333333339e+00  1.0000000000000000e+00
160   3.5555555555555554e+00  2.0000000000000000e+00  5.3333333333333339e+00  1.0000000000000000e+00
161   4.0000000000000000e+00  2.0000000000000000e+00  5.3333333333333339e+00  1.0000000000000000e+00
162   0.0000000000000000e+00  4.0000000000000000e+00  5.3333333333333339e+00  1.0000000000000000e+00
163   4.4444444444444453e-01  4.0000000000000000e+00  5.3333333333333339e+00  1.0000000000000000e+00
164   1.3333333333333335e+00  4.0000000000000000e+00  5.3333333333333339e+00  1.0000000000000000e+00
165   2.6666666666666670e+00  4.0000000000000000e+00  5.3333333333333339e+00  1.0000000000000000e+00
166   3.5555555555555554e+00  4.0000000000000000e+00  5.3333333333333339e+00  1.0000000000000000e+00
167   4.0000000000000000e+00  4.0000000000000000e+00  5.3333333333333339e+00  1.0000000000000000e+00
168   0.0000000000000000e+00  5.3333333333333339e+00  5.3333333333333339e+00  1.0000000000000000e+00
169   4.4444444444444442e-01  5.3333333333333339e+00  5.3333333333333339e+00  1.0000000000000000e+00
170   1.3333333333333335e+00  5.3333333333333339e+00  5.3333333333333339e+00  1.0000000000000000e+00
171   2.6666666666666670e+00  5.3333333333333339e+00  5.3333333333333339e+00  1.0000000000000000e+00
172   3.5555555555555554e+00  5.3333333333333339e+00  5.3333333333333339e+00  1.0000000000000000e+00
173   4.0000000000000000e+00  5.3333333333333339e+00  5.3333333333333339e+00  1.0000000000000000e+00
174   0.0000000000000000e+00  6.0000000000000000e+00  5.3333333333333339e+00  1.0000000000000000e+00
175   4.4444444444444442e-01  6.0000000000000000e+00  5.3333333333333339e+00  1.0000000000000000e+00
176   1.3333333333333335e+00  6.0000000000000000e+00  5.3333333333333339e+00  1.0000000000000000e+00
177   2.6666666666666670e+00  6.0000000000000000e+00  5.3333333333333339e+00  1.0000000000000000e+00
178   3.5555555555555554e+00  6.0000000000000000e+00  5.3333333333333339e+00  1.0000000000000000e+00
179   4.0000000000000000e+00  6.0000000000000000e+00  5.3333333333333339e+00  1.0000000000000000e+00
180   0.0000000000000000e+00  0.0000000000000000e+00  6.0000000000000000e+00  1.0000000000000000e+00
181   4.4444444444444448e-01  0.0000000000000000e+00  6.0000000000000000e+00  1.0000000000000000e+00
182   1.3333333333333335e+00  0.0000000000000000e+00  6.0000000000000000e+00  1.0000000000000000e+00
183   2.6666666666666670e+00  0.0000000000000000e+00  6.0000000000000000e+00  1.0000000000000000e+00
184   3.5555555555555554e+00  0.0000000000000000e+00  6.0000000000000000e+00  1.0000000000000000e+00
185   4.0000000000000000e+00  0.0000000000000000e+00  6.0000000000000000e+00  1.0000000000000000e+00
186   0.0000000000000000e+00  6.6666666666666663e-01  6.0000000000000000e+00  1.0000000000000000e+00
187   4.4444444444444448e-01  6.6666666666666663e-01  6.0000000000000000e+00  1.0000000000000000e+00
188   1.3333333333333335e+00  6.6666666666666663e-01  6.0000000000000000e+00  1.0000000000000000e+00
189   2.6666666666666670e+00  6.6666666666666663e-01  6.0000000000000000e+00  1.0000000000000000e+00
190   3.5555555555555558e+00  6.6666666666666663e-01  6.0000000000000000e+00  1.0000000000000000e+00
191   4.0000000000000000e+00  6.6666666666666663e-01  6.0000000000000000e+00  1.0000000000000000e+00
192   0.0000000000000000e+00  2.0000000000000000e+00  6.0000000000000000e+00  1.0000000000000000e+00
193   4.4444444444444453e-01  2.0000000000000000e+00  6.0000000000000000e+00  1.0000000000000000e+00
194   1.3333333333333335e+00  2.0000000000000000e+00  6.0000000000000000e+00  1.0000000000000000e+00
195   2.6666666666666670e+00  2.0000000000000000e+00  6.0000000000000000e+00  1.0000000000000000e+00
196   3.5555555555555554e+00  2.0000000000000000e+00  6.0000000000000000e+00  1.0000000000000000e+00
197   4.0000000000000000e+00  2.0000000000000000e+00  6.0000000000000000e+00  1.0000000000000000e+00
198   0.0000000000000000e+00  4.0000000000000000e+00  6.0000000000000000e+00  1.0000000000000000e+00
199   4.4444444444444453e-01  4.0000000000000000e+00  6.0000000000000000e+00  1.0000000000000000e+00
200   1.3333333333333335e+00  4.0000000000000000e+00  6.0000000000000000e+00  1.0000000000000000e+00
201   2.6666666666666670e+00  4.0000000000000000e+00  6.0000000000000000e+00  1.0000000000000000e+00
202   3.5555555555555554e+00  4.0000000000000000e+00  6.0000000000000000e+00  1.0000000000000000e+00
203   4.0000000000000000e+00  4.0000000000000000e+00  6.0000000000000000e+00  1.0000000000000000e+00
204   0.0000000000000000e+00  5.3333333333333339e+00  6.0000000000000000e+00  1.0000000000000000e+00
205   4.4444444444444442e-01  5.3333333333333339e+00  6.0000000000000000e+00  1.0000000000000000e+00
206   1.3333333333333335e+00  5.3333333333333339e+00  6.0000000000000000e+00  1.0000000000000000e+00
207   2.6666666666666670e+00  5.3333333333333339e+00  6.0000000000000000e+00  1.0000000000000000e+00
208   3.5555555555555554e+00  5.3333333333333339e+00  6.0000000000000000e+00  1.0000000000000000e+00
209   4.0000000000000000e+00  5.3333333333333339e+00  6.0000000000000000e+00  1.0000000000000000e+00
210   0.0000000000000000e+00  6.0000000000000000e+00  6.0000000000000000e+00  1.0000000000000000e+00
211   4.4444444444444448e-01  6.0000000000000000e+00  6.0000000000000000e+00  1.0000000000000000e+00
212   1.3333333333333335e+00  6.0000000000000000e+00  6.0000000000000000e+00  1.0000000000000000e+00
213   2.6666666666666670e+00  6.0000000000000000e+00  6.0000000000000000e+00  1.0000000000000000e+00
214   3.5555555555555554e+00  6.0000000000000000e+00  6.0000000000000000e+00  1.0000000000000000e+00
215   4.0000000000000000e+00  6.0000000000000000e+00  6.0000000000000000e+00  1.0000000000000000e+00

0    0    0.000000e+00
5    0    0.000000e+00
6    0    0.000000e+00
11   0    0.000000e+00
12   0    0.000000e+00
17   0    0.000000e+00
18   0    0.000000e+00
23   0    0.000000e+00
24   0    0.000000e+00
29   0    0.000000e+00
30   0    0.000000e+00
35   0    0.000000e+00
36   0    0.000000e+00
41   0    0.000000e+00
42   0    0.000000e+00
47   0    0.000000e+00
48   0    0.000000e+00
53   0    0.000000e+00
54   0    0.000000e+00
59   0    0.000000e+00
60   0    0.000000e+00
65   0    0.000000e+00
66   0    0.000000e+00
71   0    0.000000e+00
72   0    0.000000e+00
77   0    0.000000e+00
78   0    0.000000e+00
83   0    0.000000e+00
84   0    0.000000e+00
89   0    0.000000e+00
90   0    0.000000e+00
95   0    0.000000e+00
96   0    0.000000e+00
101  0    0.000000e+00
102  0    0.000000e+00
107  0    0.000000e+00
108  0    0.000000e+00
113  0    0.000000e+00
114  0    0.000000e+00
119  0    0.000000e+00
120  0    0.000000e+00
125  0    0.000000e+00
126  0    0.000000e+00
131  0    0.000000e+00
132  0    0.000000e+00
137  0    0.000000e+00
138  0    0.000000e+00
143  0    0.000000e+00
144  0    0.000000e+00
149  0    0.000000e+00
150  0    0.000000e+00
155  0    0.000000e+00
156  0    0.000000e+00
161  0    0.000000e+00
162  0    0.000000e+00
167  0    0.000000e+00
168  0    0.000000e+00
173  0    0.000000e+00
174  0    0.000000e+00
179  0    0.000000e+00
180  0    0.000000e+00
185  0    0.000000e+00
186  0    0.000000e+00
191  0    0.000000e+00
192  0    0.000000e+00
197  0    0.000000e+00
198  0    0.000000e+00
203  0    0.000000e+00
204  0    0.000000e+00
209  0    0.000000e+00
210  0    0.000000e+00
215  0    0.000000e+00
5    1    0.000000e+00
11   1    0.000000e+00
17   1    0.000000e+00
23   1    0.000000e+00
29   1    0.000000e+00
35   1    0.000000e+00
41   1    0.000000e+00
47   1    0.000000e+00
53   1    0.000000e+00
59   1    0.000000e+00
65   1    0.000000e+00
71   1    0.000000e+00
77   1    0.000000e+00
83   1    0.000000e+00
89   1    0.000000e+00
95   1    0.000000e+00
101  1    0.000000e+00
107  1    0.000000e+00
113  1    0.000000e+00
119  1    0.000000e+00
125  1    0.000000e+00
131  1    0.000000e+00
137  1    0.000000e+00
143  1    0.000000e+00
149  1    0.000000e+00
155  1    0.000000e+00
161  1    0.000000e+00
167  1    0.000000e+00
173  1    0.000000e+00
179  1    0.000000e+00
185  1    0.000000e+00
191  1    0.000000e+00
197  1    0.000000e+00
203  1    0.000000e+00
209  1    0.000000e+00
215  1    0.000000e+00
5    2    0.000000e+00
11   2    0.000000e+00
17   2    0.000000e+00
23   2    0.000000e+00
29   2    0.000000e+00
35   2    0.000000e+00
41   2    0.000000e+00
47   2    0.000000e+00
53   2    0.000000e+00
59   2    0.000000e+00
65   2    0.000000e+00
71   2    0.000000e+00
77   2    0.000000e+00
83   2    0.000000e+00
89   2    0.000000e+00
95   2    0.000000e+00
101  2    0.000000e+00
107  2    0.000000e+00
113  2    0.000000e+00
119  2    0.000000e+00
125  2    0.000000e+00
131  2    0.000000e+00
137  2    0.000000e+00
143  2    0.000000e+00
149  2    0.000000e+00
155  2    0.000000e+00
161  2    0.000000e+00
167  2    0.000000e+00
173  2    0.000000e+00
179  2    0.000000e+00
185  2    0.000000e+00
191  2    0.000000e+00
197  2    0.000000e+00
203  2    0.000000e+00
209  2    0.000000e+00
215  2    0.000000e+00

