3

1000  3.000000e-01

1

125

3     3     3

9     9     9

5     5     5

0    1    2    3    4    5    6    7    8    9    10   11   12   13   14   15   16   17   18   19   20   21   22   23   24   25   26   27   28   29   30   31   32   33   34   35   36   37   38   39   40   41   42   43   44   45   46   47   48   49   50   51   52   53   54   55   56   57   58   59   60   61   62   63   64   65   66   67   68   69   70   71   72   73   74   75   76   77   78   79   80   81   82   83   84   85   86   87   88   89   90   91   92   93   94   95   96   97   98   99   100  101  102  103  104  105  106  107  108  109  110  111  112  113  114  115  116  117  118  119  120  121  122  123  124

294   0     0

0.0000000000000000e+00  0.0000000000000000e+00  0.0000000000000000e+00  0.0000000000000000e+00  5.0000000000000000e-01  1.0000000000000000e+00  1.0000000000000000e+00  1.0000000000000000e+00  1.0000000000000000e+00
0.0000000000000000e+00  0.0000000000000000e+00  0.0000000000000000e+00  0.0000000000000000e+00  5.0000000000000000e-01  1.0000000000000000e+00  1.0000000000000000e+00  1.0000000000000000e+00  1.0000000000000000e+00
0.0000000000000000e+00  0.0000000000000000e+00  0.0000000000000000e+00  0.0000000000000000e+00  5.0000000000000000e-01  1.0000000000000000e+00  1.0000000000000000e+00  1.0000000000000000e+00  1.0000000000000000e+00

0     1.8180779106882000e-01  2.1667008816788000e-01  0.0000000000000000e+00  1.0000000000000000e+00
1     2.4822077094160336e-01  2.2248047101772334e-01  3.3333333333333340e-02  1.0000000000000000e+00
2     3.8104673068717004e-01  2.3410123671741001e-01  1.0000000000000002e-01  1.0000000000000000e+00
3     5.1387269043273665e-01  2.4572200241709669e-01  1.6666666666666669e-01  1.0000000000000000e+00
4     5.8028567030552003e-01  2.5153238526694000e-01  2.0000000000000001e-01  1.0000000000000000e+00
5     1.7599740821897503e-01  2.8308306804066335e-01  3.3333333333333340e-02  1.0000000000000000e+00
6     2.4241038809175836e-01  2.8889345089050666e-01  6.6666666666666680e-02  1.0000000000000000e+00
7     3.7523634783732507e-01  3.0051421659019339e-01  1.3333333333333336e-01  1.0000000000000000e+00
8     5.0806230758289161e-01  3.1213498228988001e-01  2.0000000000000004e-01  1.0000000000000000e+00
9     5.7447528745567511e-01  3.1794536513972332e-01  2.3333333333333336e-01  1.0000000000000000e+00
10    1.6437664251928502e-01  4.1590902778623001e-01  1.0000000000000002e-01  1.0000000000000000e+00
11    2.3078962239206838e-01  4.2171941063607338e-01  1.3333333333333336e-01  1.0000000000000000e+00
12    3.6361558213763501e-01  4.3334017633576005e-01  2.0000000000000004e-01  1.0000000000000000e+00
13    4.9644154188320166e-01  4.4496094203544667e-01  2.6666666666666672e-01  1.0000000000000000e+00
14    5.6285452175598505e-01  4.5077132488528998e-01  3.0000000000000004e-01  1.0000000000000000e+00
15    1.5275587681959502e-01  5.4873498753179661e-01  1.6666666666666669e-01  1.0000000000000000e+00
16    2.1916885669237837e-01  5.5454537038164009e-01  2.0000000000000001e-01  1.0000000000000000e+00
17    3.5199481643794506e-01  5.6616613608132671e-01  2.6666666666666672e-01  1.0000000000000000e+00
18    4.8482077618351166e-01  5.7778690178101333e-01  3.3333333333333337e-01  1.0000000000000000e+00
19    5.5123375605629499e-01  5.8359728463085658e-01  3.6666666666666670e-01  1.0000000000000000e+00
20    1.4694549396975001e-01  6.1514796740458000e-01  2.0000000000000001e-01  1.0000000000000000e+00
21    2.1335847384253337e-01  6.2095835025442336e-01  2.3333333333333336e-01  1.0000000000000000e+00
22    3.4618443358810003e-01  6.3257911595411009e-01  3.0000000000000004e-01  1.0000000000000000e+00
23    4.7901039333366663e-01  6.4419988165379660e-01  3.6666666666666670e-01  1.0000000000000000e+00
24    5.4542337320644996e-01  6.5001026450363997e-01  4.0000000000000002e-01  1.0000000000000000e+00
25    2.1514112440215336e-01  2.5000342150121335e-01  7.5000000000000011e-02  1.0000000000000000e+00
26    2.8155410427493671e-01  2.5581380435105672e-01  1.0833333333333334e-01  1.0000000000000000e+00
27    4.1438006402050342e-01  2.6743457005074334e-01  1.7500000000000004e-01  1.0000000000000000e+00
28    5.4720602376607008e-01  2.7905533575043001e-01  2.4166666666666672e-01  1.0000000000000000e+00
29    6.1361900363885336e-01  2.8486571860027332e-01  2.7500000000000002e-01  1.0000000000000000e+00
30    2.0933074155230835e-01  3.1641640137399674e-01  1.0833333333333334e-01  1.0000000000000000e+00
31    2.7574372142509174e-01  3.2222678422384005e-01  1.4166666666666669e-01  1.0000000000000000e+00
32    4.0856968117065839e-01  3.3384754992352672e-01  2.0833333333333340e-01  1.0000000000000000e+00
33    5.4139564091622505e-01  3.4546831562321334e-01  2.7500000000000008e-01  1.0000000000000000e+00
34    6.0780862078900844e-01  3.5127869847305671e-01  3.0833333333333340e-01  1.0000000000000000e+00
35    1.9770997585261835e-01  4.4924236111956339e-01  1.7500000000000004e-01  1.0000000000000000e+00
36    2.6412295572540173e-01  4.5505274396940676e-01  2.0833333333333340e-01  1.0000000000000000e+00
37    3.9694891547096839e-01  4.6667350966909338e-01  2.7500000000000008e-01  1.0000000000000000e+00
38    5.2977487521653499e-01  4.7829427536878005e-01  3.4166666666666673e-01  1.0000000000000000e+00
39    5.9618785508931837e-01  4.8410465821862336e-01  3.7500000000000006e-01  1.0000000000000000e+00
40    1.8608921015292834e-01  5.8206832086512994e-01  2.4166666666666672e-01  1.0000000000000000e+00
41    2.5250219002571173e-01  5.8787870371497342e-01  2.7500000000000002e-01  1.0000000000000000e+00
42    3.8532814977127838e-01  5.9949946941466004e-01  3.4166666666666673e-01  1.0000000000000000e+00
43    5.1815410951684504e-01  6.1112023511434665e-01  4.0833333333333338e-01  1.0000000000000000e+00
44    5.8456708938962831e-01  6.1693061796419002e-01  4.4166666666666671e-01  1.0000000000000000e+00
45    1.8027882730308337e-01  6.4848130073791332e-01  2.7500000000000002e-01  1.0000000000000000e+00
46    2.4669180717586670e-01  6.5429168358775669e-01  3.0833333333333340e-01  1.0000000000000000e+00
47    3.7951776692143335e-01  6.6591244928744342e-01  3.7500000000000006e-01  1.0000000000000000e+00
48    5.1234372666700001e-01  6.7753321498713004e-01  4.4166666666666671e-01  1.0000000000000000e+00
49    5.7875670653978339e-01  6.8334359783697329e-01  4.7500000000000003e-01  1.0000000000000000e+00
50    2.8180779106882003e-01  3.1667008816788000e-01  2.2500000000000003e-01  1.0000000000000000e+00
51    3.4822077094160342e-01  3.2248047101772337e-01  2.5833333333333336e-01  1.0000000000000000e+00
52    4.8104673068717008e-01  3.3410123671741004e-01  3.2500000000000007e-01  1.0000000000000000e+00
53    6.1387269043273673e-01  3.4572200241709666e-01  3.9166666666666672e-01  1.0000000000000000e+00
54    6.8028567030552012e-01  3.5153238526693997e-01  4.2500000000000004e-01  1.0000000000000000e+00
55    2.7599740821897506e-01  3.8308306804066339e-01  2.5833333333333336e-01  1.0000000000000000e+00
56    3.4241038809175839e-01  3.8889345089050675e-01  2.9166666666666669e-01  1.0000000000000000e+00
57    4.7523634783732505e-01  4.0051421659019337e-01  3.5833333333333339e-01  1.0000000000000000e+00
58    6.0806230758289181e-01  4.1213498228987999e-01  4.2500000000000004e-01  1.0000000000000000e+00
59    6.7447528745567509e-01  4.1794536513972336e-01  4.5833333333333337e-01  1.0000000000000000e+00
60    2.6437664251928505e-01  5.1590902778623005e-01  3.2500000000000007e-01  1.0000000000000000e+00
61    3.3078962239206844e-01  5.2171941063607341e-01  3.5833333333333339e-01  1.0000000000000000e+00
62    4.6361558213763510e-01  5.3334017633576003e-01  4.2500000000000004e-01  1.0000000000000000e+00
63    5.9644154188320175e-01  5.4496094203544676e-01  4.9166666666666670e-01  1.0000000000000000e+00
64    6.6285452175598503e-01  5.5077132488529001e-01  5.2500000000000013e-01  1.0000000000000000e+00
65    2.5275587681959499e-01  6.4873498753179659e-01  3.9166666666666672e-01  1.0000000000000000e+00
66    3.1916885669237838e-01  6.5454537038164007e-01  4.2500000000000004e-01  1.0000000000000000e+00
67    4.5199481643794504e-01  6.6616613608132669e-01  4.9166666666666675e-01  1.0000000000000000e+00
68    5.8482077618351169e-01  6.7778690178101331e-01  5.5833333333333335e-01  1.0000000000000000e+00
69    6.5123375605629497e-01  6.8359728463085678e-01  5.9166666666666679e-01  1.0000000000000000e+00
70    2.4694549396975002e-01  7.1514796740457998e-01  4.2500000000000004e-01  1.0000000000000000e+00
71    3.1335847384253335e-01  7.2095835025442334e-01  4.5833333333333337e-01  1.0000000000000000e+00
72    4.4618443358810000e-01  7.3257911595411007e-01  5.2500000000000013e-01  1.0000000000000000e+00
73    5.7901039333366666e-01  7.4419988165379669e-01  5.9166666666666679e-01  1.0000000000000000e+00
74    6.4542337320645005e-01  7.5001026450364006e-01  6.2500000000000000e-01  1.0000000000000000e+00
75    3.4847445773548669e-01  3.8333675483454666e-01  3.7500000000000000e-01  1.0000000000000000e+00
76    4.1488743760827007e-01  3.8914713768439002e-01  4.0833333333333338e-01  1.0000000000000000e+00
77    5.4771339735383673e-01  4.0076790338407670e-01  4.7500000000000003e-01  1.0000000000000000e+00
78    6.8053935709940339e-01  4.1238866908376337e-01  5.4166666666666674e-01  1.0000000000000000e+00
79    7.4695233697218666e-01  4.1819905193360662e-01  5.7499999999999996e-01  1.0000000000000000e+00
80    3.4266407488564171e-01  4.4974973470733004e-01  4.0833333333333338e-01  1.0000000000000000e+00
81    4.0907705475842504e-01  4.5556011755717341e-01  4.4166666666666671e-01  1.0000000000000000e+00
82    5.4190301450399170e-01  4.6718088325686002e-01  5.0833333333333330e-01  1.0000000000000000e+00
83    6.7472897424955836e-01  4.7880164895654664e-01  5.7499999999999996e-01  1.0000000000000000e+00
84    7.4114195412234174e-01  4.8461203180639001e-01  6.0833333333333339e-01  1.0000000000000000e+00
85    3.3104330918595171e-01  5.8257569445289670e-01  4.7500000000000003e-01  1.0000000000000000e+00
86    3.9745628905873509e-01  5.8838607730274006e-01  5.0833333333333330e-01  1.0000000000000000e+00
87    5.3028224880430175e-01  6.0000684300242668e-01  5.7499999999999996e-01  1.0000000000000000e+00
88    6.6310820854986841e-01  6.1162760870211341e-01  6.4166666666666672e-01  1.0000000000000000e+00
89    7.2952118842265168e-01  6.1743799155195667e-01  6.7500000000000004e-01  1.0000000000000000e+00
90    3.1942254348626165e-01  7.1540165419846324e-01  5.4166666666666674e-01  1.0000000000000000e+00
91    3.8583552335904503e-01  7.2121203704830672e-01  5.7499999999999996e-01  1.0000000000000000e+00
92    5.1866148310461169e-01  7.3283280274799334e-01  6.4166666666666672e-01  1.0000000000000000e+00
93    6.5148744285017834e-01  7.4445356844767996e-01  7.0833333333333348e-01  1.0000000000000000e+00
94    7.1790042272296162e-01  7.5026395129752343e-01  7.4166666666666670e-01  1.0000000000000000e+00
95    3.1361216063641667e-01  7.8181463407124663e-01  5.7499999999999996e-01  1.0000000000000000e+00
96    3.8002514050920000e-01  7.8762501692108999e-01  6.0833333333333339e-01  1.0000000000000000e+00
97    5.1285110025476677e-01  7.9924578262077672e-01  6.7500000000000004e-01  1.0000000000000000e+00
98    6.4567706000033331e-01  8.1086654832046334e-01  7.4166666666666670e-01  1.0000000000000000e+00
99    7.1209003987311670e-01  8.1667693117030671e-01  7.7499999999999991e-01  1.0000000000000000e+00
100   3.8180779106882001e-01  4.1667008816787998e-01  4.5000000000000001e-01  1.0000000000000000e+00
101   4.4822077094160340e-01  4.2248047101772335e-01  4.8333333333333339e-01  1.0000000000000000e+00
102   5.8104673068717005e-01  4.3410123671741002e-01  5.5000000000000004e-01  1.0000000000000000e+00
103   7.1387269043273660e-01  4.4572200241709670e-01  6.1666666666666670e-01  1.0000000000000000e+00
104   7.8028567030551998e-01  4.5153238526694001e-01  6.5000000000000002e-01  1.0000000000000000e+00
105   3.7599740821897504e-01  4.8308306804066337e-01  4.8333333333333339e-01  1.0000000000000000e+00
106   4.4241038809175837e-01  4.8889345089050673e-01  5.1666666666666672e-01  1.0000000000000000e+00
107   5.7523634783732502e-01  5.0051421659019335e-01  5.8333333333333337e-01  1.0000000000000000e+00
108   7.0806230758289168e-01  5.1213498228987997e-01  6.5000000000000002e-01  1.0000000000000000e+00
109   7.7447528745567507e-01  5.1794536513972333e-01  6.8333333333333335e-01  1.0000000000000000e+00
110   3.6437664251928503e-01  6.1590902778623002e-01  5.5000000000000004e-01  1.0000000000000000e+00
111   4.3078962239206842e-01  6.2171941063607339e-01  5.8333333333333337e-01  1.0000000000000000e+00
112   5.6361558213763507e-01  6.3334017633576001e-01  6.5000000000000002e-01  1.0000000000000000e+00
113   6.9644154188320173e-01  6.4496094203544674e-01  7.1666666666666679e-01  1.0000000000000000e+00
114   7.6285452175598500e-01  6.5077132488528999e-01  7.5000000000000000e-01  1.0000000000000000e+00
115   3.5275587681959497e-01  7.4873498753179657e-01  6.1666666666666670e-01  1.0000000000000000e+00
116   4.1916885669237836e-01  7.5454537038164005e-01  6.5000000000000002e-01  1.0000000000000000e+00
117   5.5199481643794512e-01  7.6616613608132667e-01  7.1666666666666667e-01  1.0000000000000000e+00
118   6.8482077618351167e-01  7.7778690178101328e-01  7.8333333333333344e-01  1.0000000000000000e+00
119   7.5123375605629494e-01  7.8359728463085676e-01  8.1666666666666665e-01  1.0000000000000000e+00
120   3.4694549396975000e-01  8.1514796740457995e-01  6.5000000000000002e-01  1.0000000000000000e+00
121   4.1335847384253332e-01  8.2095835025442332e-01  6.8333333333333335e-01  1.0000000000000000e+00
122   5.4618443358810009e-01  8.3257911595411005e-01  7.5000000000000000e-01  1.0000000000000000e+00
123   6.7901039333366664e-01  8.4419988165379667e-01  8.1666666666666665e-01  1.0000000000000000e+00
124   7.4542337320645002e-01  8.5001026450364003e-01  8.4999999999999998e-01  1.0000000000000000e+00

0    0    0.000000e+00
1    0    0.000000e+00
2    0    0.000000e+00
3    0    0.000000e+00
4    0    0.000000e+00
5    0    0.000000e+00
6    0    0.000000e+00
7    0    0.000000e+00
8    0    0.000000e+00
9    0    0.000000e+00
10   0    0.000000e+00
11   0    0.000000e+00
12   0    0.000000e+00
13   0    0.000000e+00
14   0    0.000000e+00
15   0    0.000000e+00
16   0    0.000000e+00
17   0    0.000000e+00
18   0    0.000000e+00
19   0    0.000000e+00
20   0    0.000000e+00
21   0    0.000000e+00
22   0    0.000000e+00
23   0    0.000000e+00
24   0    0.000000e+00
25   0    0.000000e+00
26   0    0.000000e+00
27   0    0.000000e+00
28   0    0.000000e+00
29   0    0.000000e+00
30   0    0.000000e+00
34   0    0.000000e+00
35   0    0.000000e+00
39   0    0.000000e+00
40   0    0.000000e+00
44   0    0.000000e+00
45   0    0.000000e+00
46   0    0.000000e+00
47   0    0.000000e+00
48   0    0.000000e+00
49   0    0.000000e+00
50   0    0.000000e+00
51   0    0.000000e+00
52   0    0.000000e+00
53   0    0.000000e+00
54   0    0.000000e+00
55   0    0.000000e+00
59   0    0.000000e+00
60   0    0.000000e+00
64   0    0.000000e+00
65   0    0.000000e+00
69   0    0.000000e+00
70   0    0.000000e+00
71   0    0.000000e+00
72   0    0.000000e+00
73   0    0.000000e+00
74   0    0.000000e+00
75   0    0.000000e+00
76   0    0.000000e+00
77   0    0.000000e+00
78   0    0.000000e+00
79   0    0.000000e+00
80   0    0.000000e+00
84   0    0.000000e+00
85   0    0.000000e+00
89   0    0.000000e+00
90   0    0.000000e+00
94   0    0.000000e+00
95   0    0.000000e+00
96   0    0.000000e+00
97   0    0.000000e+00
98   0    0.000000e+00
99   0    0.000000e+00
100  0    0.000000e+00
101  0    0.000000e+00
102  0    0.000000e+00
103  0    0.000000e+00
104  0    0.000000e+00
105  0    0.000000e+00
106  0    0.000000e+00
107  0    0.000000e+00
108  0    0.000000e+00
109  0    0.000000e+00
110  0    0.000000e+00
111  0    0.000000e+00
112  0    0.000000e+00
113  0    0.000000e+00
114  0    0.000000e+00
115  0    0.000000e+00
116  0    0.000000e+00
117  0    0.000000e+00
118  0    0.000000e+00
119  0    0.000000e+00
120  0    0.000000e+00
121  0    0.000000e+00
122  0    0.000000e+00
123  0    0.000000e+00
124  0    0.000000e+00
0    1    0.000000e+00
1    1    0.000000e+00
2    1    0.000000e+00
3    1    0.000000e+00
4    1    0.000000e+00
5    1    0.000000e+00
6    1    0.000000e+00
7    1    0.000000e+00
8    1    0.000000e+00
9    1    0.000000e+00
10   1    0.000000e+00
11   1    0.000000e+00
12   1    0.000000e+00
13   1    0.000000e+00
14   1    0.000000e+00
15   1    0.000000e+00
16   1    0.000000e+00
17   1    0.000000e+00
18   1    0.000000e+00
19   1    0.000000e+00
20   1    0.000000e+00
21   1    0.000000e+00
22   1    0.000000e+00
23   1    0.000000e+00
24   1    0.000000e+00
25   1    0.000000e+00
26   1    0.000000e+00
27   1    0.000000e+00
28   1    0.000000e+00
29   1    0.000000e+00
30   1    0.000000e+00
34   1    0.000000e+00
35   1    0.000000e+00
39   1    0.000000e+00
40   1    0.000000e+00
44   1    0.000000e+00
45   1    0.000000e+00
46   1    0.000000e+00
47   1    0.000000e+00
48   1    0.000000e+00
49   1    0.000000e+00
50   1    0.000000e+00
51   1    0.000000e+00
52   1    0.000000e+00
53   1    0.000000e+00
54   1    0.000000e+00
55   1    0.000000e+00
59   1    0.000000e+00
60   1    0.000000e+00
64   1    0.000000e+00
65   1    0.000000e+00
69   1    0.000000e+00
70   1    0.000000e+00
71   1    0.000000e+00
72   1    0.000000e+00
73   1    0.000000e+00
74   1    0.000000e+00
75   1    0.000000e+00
76   1    0.000000e+00
77   1    0.000000e+00
78   1    0.000000e+00
79   1    0.000000e+00
80   1    0.000000e+00
84   1    0.000000e+00
85   1    0.000000e+00
89   1    0.000000e+00
90   1    0.000000e+00
94   1    0.000000e+00
95   1    0.000000e+00
96   1    0.000000e+00
97   1    0.000000e+00
98   1    0.000000e+00
99   1    0.000000e+00
100  1    0.000000e+00
101  1    0.000000e+00
102  1    0.000000e+00
103  1    0.000000e+00
104  1    0.000000e+00
105  1    0.000000e+00
106  1    0.000000e+00
107  1    0.000000e+00
108  1    0.000000e+00
109  1    0.000000e+00
110  1    0.000000e+00
111  1    0.000000e+00
112  1    0.000000e+00
113  1    0.000000e+00
114  1    0.000000e+00
115  1    0.000000e+00
116  1    0.000000e+00
117  1    0.000000e+00
118  1    0.000000e+00
119  1    0.000000e+00
120  1    0.000000e+00
121  1    0.000000e+00
122  1    0.000000e+00
123  1    0.000000e+00
124  1    0.000000e+00
0    2    0.000000e+00
1    2    0.000000e+00
2    2    0.000000e+00
3    2    0.000000e+00
4    2    0.000000e+00
5    2    0.000000e+00
6    2    0.000000e+00
7    2    0.000000e+00
8    2    0.000000e+00
9    2    0.000000e+00
10   2    0.000000e+00
11   2    0.000000e+00
12   2    0.000000e+00
13   2    0.000000e+00
14   2    0.000000e+00
15   2    0.000000e+00
16   2    0.000000e+00
17   2    0.000000e+00
18   2    0.000000e+00
19   2    0.000000e+00
20   2    0.000000e+00
21   2    0.000000e+00
22   2    0.000000e+00
23   2    0.000000e+00
24   2    0.000000e+00
25   2    0.000000e+00
26   2    0.000000e+00
27   2    0.000000e+00
28   2    0.000000e+00
29   2    0.000000e+00
30   2    0.000000e+00
34   2    0.000000e+00
35   2    0.000000e+00
39   2    0.000000e+00
40   2    0.000000e+00
44   2    0.000000e+00
45   2    0.000000e+00
46   2    0.000000e+00
47   2    0.000000e+00
48   2    0.000000e+00
49   2    0.000000e+00
50   2    0.000000e+00
51   2    0.000000e+00
52   2    0.000000e+00
53   2    0.000000e+00
54   2    0.000000e+00
55   2    0.000000e+00
59   2    0.000000e+00
60   2    0.000000e+00
64   2    0.000000e+00
65   2    0.000000e+00
69   2    0.000000e+00
70   2    0.000000e+00
71   2    0.000000e+00
72   2    0.000000e+00
73   2    0.000000e+00
74   2    0.000000e+00
75   2    0.000000e+00
76   2    0.000000e+00
77   2    0.000000e+00
78   2    0.000000e+00
79   2    0.000000e+00
80   2    0.000000e+00
84   2    0.000000e+00
85   2    0.000000e+00
89   2    0.000000e+00
90   2    0.000000e+00
94   2    0.000000e+00
95   2    0.000000e+00
96   2    0.000000e+00
97   2    0.000000e+00
98   2    0.000000e+00
99   2    0.000000e+00
100  2    0.000000e+00
101  2    0.000000e+00
102  2    0.000000e+00
103  2    0.000000e+00
104  2    0.000000e+00
105  2    0.000000e+00
106  2    0.000000e+00
107  2    0.000000e+00
108  2    0.000000e+00
109  2    0.000000e+00
110  2    0.000000e+00
111  2    0.000000e+00
112  2    0.000000e+00
113  2    0.000000e+00
114  2    0.000000e+00
115  2    0.000000e+00
116  2    0.000000e+00
117  2    0.000000e+00
118  2    0.000000e+00
119  2    0.000000e+00
120  2    0.000000e+00
121  2    0.000000e+00
122  2    0.000000e+00
123  2    0.000000e+00
124  2    0.000000e+00

