3

100000  3.000000e-01

1

385

3    3    3

15   9    11

11   5    7

0    1    2    3    4    5    6    7    8    9    10   11   12   13   14   15   16   17   18   19   20   21   22   23   24   25   26   27   28   29   30   31   32   33   34   35   36   37   38   39   40   41   42   43   44   45   46   47   48   49   50   51   52   53   54   55   56   57   58   59   60   61   62   63   64   65   66   67   68   69   70   71   72   73   74   75   76   77   78   79   80   81   82   83   84   85   86   87   88   89   90   91   92   93   94   95   96   97   98   99   100  101  102  103  104  105  106  107  108  109  110  111  112  113  114  115  116  117  118  119  120  121  122  123  124  125  126  127  128  129  130  131  132  133  134  135  136  137  138  139  140  141  142  143  144  145  146  147  148  149  150  151  152  153  154  155  156  157  158  159  160  161  162  163  164  165  166  167  168  169  170  171  172  173  174  175  176  177  178  179  180  181  182  183  184  185  186  187  188  189  190  191  192  193  194  195  196  197  198  199  200  201  202  203  204  205  206  207  208  209  210  211  212  213  214  215  216  217  218  219  220  221  222  223  224  225  226  227  228  229  230  231  232  233  234  235  236  237  238  239  240  241  242  243  244  245  246  247  248  249  250  251  252  253  254  255  256  257  258  259  260  261  262  263  264  265  266  267  268  269  270  271  272  273  274  275  276  277  278  279  280  281  282  283  284  285  286  287  288  289  290  291  292  293  294  295  296  297  298  299  300  301  302  303  304  305  306  307  308  309  310  311  312  313  314  315  316  317  318  319  320  321  322  323  324  325  326  327  328  329  330  331  332  333  334  335  336  337  338  339  340  341  342  343  344  345  346  347  348  349  350  351  352  353  354  355  356  357  358  359  360  361  362  363  364  365  366  367  368  369  370  371  372  373  374  375  376  377  378  379  380  381  382  383  384

58   0    1

0.0000000000000000e+00  0.0000000000000000e+00  0.0000000000000000e+00  0.0000000000000000e+00  1.2500000000000000e-01  2.5000000000000000e-01  3.7500000000000000e-01  5.0000000000000000e-01  6.2500000000000000e-01  7.5000000000000000e-01  8.7500000000000000e-01  1.0000000000000000e+00  1.0000000000000000e+00  1.0000000000000000e+00  1.0000000000000000e+00
0.0000000000000000e+00  0.0000000000000000e+00  0.0000000000000000e+00  0.0000000000000000e+00  5.0000000000000000e-01  1.0000000000000000e+00  1.0000000000000000e+00  1.0000000000000000e+00  1.0000000000000000e+00
0.0000000000000000e+00  0.0000000000000000e+00  0.0000000000000000e+00  0.0000000000000000e+00  2.5000000000000000e-01  5.0000000000000000e-01  7.5000000000000000e-01  1.0000000000000000e+00  1.0000000000000000e+00  1.0000000000000000e+00  1.0000000000000000e+00

0    -5.0000000000000000e+01  0.0000000000000000e+00  0.0000000000000000e+00  1.0000000000000000e+00
1    -4.5833333333333336e+01  0.0000000000000000e+00  0.0000000000000000e+00  1.0000000000000000e+00
2    -3.7499999999999993e+01  0.0000000000000000e+00  0.0000000000000000e+00  1.0000000000000000e+00
3    -2.5000000000000000e+01  0.0000000000000000e+00  0.0000000000000000e+00  1.0000000000000000e+00
4    -1.2499999999999998e+01  0.0000000000000000e+00  0.0000000000000000e+00  1.0000000000000000e+00
5     1.7763568394002505e-15  0.0000000000000000e+00  0.0000000000000000e+00  1.0000000000000000e+00
6     1.2500000000000000e+01  0.0000000000000000e+00  0.0000000000000000e+00  1.0000000000000000e+00
7     2.5000000000000000e+01  0.0000000000000000e+00  0.0000000000000000e+00  1.0000000000000000e+00
8     3.7500000000000000e+01  0.0000000000000000e+00  0.0000000000000000e+00  1.0000000000000000e+00
9     4.5833333333333336e+01  0.0000000000000000e+00  0.0000000000000000e+00  1.0000000000000000e+00
10    5.0000000000000000e+01  0.0000000000000000e+00  0.0000000000000000e+00  1.0000000000000000e+00
11   -5.0000000000000000e+01  4.1666666666666670e+00  0.0000000000000000e+00  1.0000000000000000e+00
12   -4.5833333333333336e+01  4.1666666666666670e+00  0.0000000000000000e+00  1.0000000000000000e+00
13   -3.7499999999999993e+01  4.1666666666666670e+00  0.0000000000000000e+00  1.0000000000000000e+00
14   -2.5000000000000000e+01  4.1666666666666670e+00  0.0000000000000000e+00  1.0000000000000000e+00
15   -1.2499999999999998e+01  4.1666666666666670e+00  0.0000000000000000e+00  1.0000000000000000e+00
16    1.7763568394002505e-15  4.1666666666666670e+00  0.0000000000000000e+00  1.0000000000000000e+00
17    1.2500000000000000e+01  4.1666666666666670e+00  0.0000000000000000e+00  1.0000000000000000e+00
18    2.5000000000000000e+01  4.1666666666666670e+00  0.0000000000000000e+00  1.0000000000000000e+00
19    3.7500000000000000e+01  4.1666666666666670e+00  0.0000000000000000e+00  1.0000000000000000e+00
20    4.5833333333333336e+01  4.1666666666666670e+00  0.0000000000000000e+00  1.0000000000000000e+00
21    5.0000000000000000e+01  4.1666666666666670e+00  0.0000000000000000e+00  1.0000000000000000e+00
22   -5.0000000000000000e+01  1.2500000000000000e+01  0.0000000000000000e+00  1.0000000000000000e+00
23   -4.5833333333333336e+01  1.2500000000000000e+01  0.0000000000000000e+00  1.0000000000000000e+00
24   -3.7499999999999993e+01  1.2499999999999996e+01  0.0000000000000000e+00  1.0000000000000000e+00
25   -2.5000000000000000e+01  1.2500000000000000e+01  0.0000000000000000e+00  1.0000000000000000e+00
26   -1.2499999999999998e+01  1.2500000000000000e+01  0.0000000000000000e+00  1.0000000000000000e+00
27    1.7763568394002505e-15  1.2500000000000000e+01  0.0000000000000000e+00  1.0000000000000000e+00
28    1.2500000000000000e+01  1.2500000000000000e+01  0.0000000000000000e+00  1.0000000000000000e+00
29    2.5000000000000000e+01  1.2500000000000000e+01  0.0000000000000000e+00  1.0000000000000000e+00
30    3.7500000000000000e+01  1.2500000000000000e+01  0.0000000000000000e+00  1.0000000000000000e+00
31    4.5833333333333336e+01  1.2500000000000000e+01  0.0000000000000000e+00  1.0000000000000000e+00
32    5.0000000000000000e+01  1.2500000000000000e+01  0.0000000000000000e+00  1.0000000000000000e+00
33   -5.0000000000000000e+01  2.0833333333333332e+01  0.0000000000000000e+00  1.0000000000000000e+00
34   -4.5833333333333336e+01  2.0833333333333332e+01  0.0000000000000000e+00  1.0000000000000000e+00
35   -3.7499999999999993e+01  2.0833333333333329e+01  0.0000000000000000e+00  1.0000000000000000e+00
36   -2.5000000000000000e+01  2.0833333333333332e+01  0.0000000000000000e+00  1.0000000000000000e+00
37   -1.2499999999999998e+01  2.0833333333333332e+01  0.0000000000000000e+00  1.0000000000000000e+00
38    1.7763568394002505e-15  2.0833333333333332e+01  0.0000000000000000e+00  1.0000000000000000e+00
39    1.2500000000000000e+01  2.0833333333333332e+01  0.0000000000000000e+00  1.0000000000000000e+00
40    2.5000000000000000e+01  2.0833333333333332e+01  0.0000000000000000e+00  1.0000000000000000e+00
41    3.7500000000000000e+01  2.0833333333333332e+01  0.0000000000000000e+00  1.0000000000000000e+00
42    4.5833333333333336e+01  2.0833333333333332e+01  0.0000000000000000e+00  1.0000000000000000e+00
43    5.0000000000000000e+01  2.0833333333333332e+01  0.0000000000000000e+00  1.0000000000000000e+00
44   -5.0000000000000000e+01  2.5000000000000000e+01  0.0000000000000000e+00  1.0000000000000000e+00
45   -4.5833333333333336e+01  2.5000000000000000e+01  0.0000000000000000e+00  1.0000000000000000e+00
46   -3.7499999999999993e+01  2.5000000000000000e+01  0.0000000000000000e+00  1.0000000000000000e+00
47   -2.5000000000000000e+01  2.5000000000000000e+01  0.0000000000000000e+00  1.0000000000000000e+00
48   -1.2499999999999998e+01  2.5000000000000000e+01  0.0000000000000000e+00  1.0000000000000000e+00
49    1.7763568394002505e-15  2.5000000000000000e+01  0.0000000000000000e+00  1.0000000000000000e+00
50    1.2500000000000000e+01  2.5000000000000000e+01  0.0000000000000000e+00  1.0000000000000000e+00
51    2.5000000000000000e+01  2.5000000000000000e+01  0.0000000000000000e+00  1.0000000000000000e+00
52    3.7500000000000000e+01  2.5000000000000000e+01  0.0000000000000000e+00  1.0000000000000000e+00
53    4.5833333333333336e+01  2.5000000000000000e+01  0.0000000000000000e+00  1.0000000000000000e+00
54    5.0000000000000000e+01  2.5000000000000000e+01  0.0000000000000000e+00  1.0000000000000000e+00
55   -5.0000000000000000e+01  0.0000000000000000e+00  4.1666666666666670e+00  1.0000000000000000e+00
56   -4.5833333333333336e+01  0.0000000000000000e+00  4.1666666666666670e+00  1.0000000000000000e+00
57   -3.7499999999999993e+01  0.0000000000000000e+00  4.1666666666666670e+00  1.0000000000000000e+00
58   -2.5000000000000000e+01  0.0000000000000000e+00  4.1666666666666670e+00  1.0000000000000000e+00
59   -1.2499999999999998e+01  0.0000000000000000e+00  4.1666666666666670e+00  1.0000000000000000e+00
60    1.7763568394002505e-15  0.0000000000000000e+00  4.1666666666666670e+00  1.0000000000000000e+00
61    1.2500000000000000e+01  0.0000000000000000e+00  4.1666666666666670e+00  1.0000000000000000e+00
62    2.5000000000000000e+01  0.0000000000000000e+00  4.1666666666666670e+00  1.0000000000000000e+00
63    3.7500000000000000e+01  0.0000000000000000e+00  4.1666666666666670e+00  1.0000000000000000e+00
64    4.5833333333333336e+01  0.0000000000000000e+00  4.1666666666666670e+00  1.0000000000000000e+00
65    5.0000000000000000e+01  0.0000000000000000e+00  4.1666666666666670e+00  1.0000000000000000e+00
66   -5.0000000000000000e+01  4.1666666666666670e+00  4.1666666666666670e+00  1.0000000000000000e+00
67   -4.5833333333333336e+01  4.1666666666666670e+00  4.1666666666666670e+00  1.0000000000000000e+00
68   -3.7499999999999993e+01  4.1666666666666670e+00  4.1666666666666670e+00  1.0000000000000000e+00
69   -2.5000000000000000e+01  4.1666666666666670e+00  4.1666666666666670e+00  1.0000000000000000e+00
70   -1.2499999999999998e+01  4.1666666666666670e+00  4.1666666666666670e+00  1.0000000000000000e+00
71    1.7763568394002505e-15  4.1666666666666670e+00  4.1666666666666670e+00  1.0000000000000000e+00
72    1.2500000000000000e+01  4.1666666666666670e+00  4.1666666666666670e+00  1.0000000000000000e+00
73    2.5000000000000000e+01  4.1666666666666670e+00  4.1666666666666670e+00  1.0000000000000000e+00
74    3.7500000000000000e+01  4.1666666666666670e+00  4.1666666666666670e+00  1.0000000000000000e+00
75    4.5833333333333336e+01  4.1666666666666670e+00  4.1666666666666670e+00  1.0000000000000000e+00
76    5.0000000000000000e+01  4.1666666666666670e+00  4.1666666666666670e+00  1.0000000000000000e+00
77   -5.0000000000000000e+01  1.2500000000000000e+01  4.1666666666666670e+00  1.0000000000000000e+00
78   -4.5833333333333336e+01  1.2500000000000000e+01  4.1666666666666670e+00  1.0000000000000000e+00
79   -3.7499999999999993e+01  1.2499999999999996e+01  4.1666666666666670e+00  1.0000000000000000e+00
80   -2.5000000000000000e+01  1.2500000000000000e+01  4.1666666666666670e+00  1.0000000000000000e+00
81   -1.2499999999999998e+01  1.2500000000000000e+01  4.1666666666666670e+00  1.0000000000000000e+00
82    1.7763568394002505e-15  1.2500000000000000e+01  4.1666666666666670e+00  1.0000000000000000e+00
83    1.2500000000000000e+01  1.2500000000000000e+01  4.1666666666666670e+00  1.0000000000000000e+00
84    2.5000000000000000e+01  1.2500000000000000e+01  4.1666666666666670e+00  1.0000000000000000e+00
85    3.7500000000000000e+01  1.2500000000000000e+01  4.1666666666666670e+00  1.0000000000000000e+00
86    4.5833333333333336e+01  1.2500000000000000e+01  4.1666666666666670e+00  1.0000000000000000e+00
87    5.0000000000000000e+01  1.2500000000000000e+01  4.1666666666666670e+00  1.0000000000000000e+00
88   -5.0000000000000000e+01  2.0833333333333332e+01  4.1666666666666670e+00  1.0000000000000000e+00
89   -4.5833333333333336e+01  2.0833333333333332e+01  4.1666666666666670e+00  1.0000000000000000e+00
90   -3.7499999999999993e+01  2.0833333333333329e+01  4.1666666666666670e+00  1.0000000000000000e+00
91   -2.5000000000000000e+01  2.0833333333333332e+01  4.1666666666666670e+00  1.0000000000000000e+00
92   -1.2499999999999998e+01  2.0833333333333332e+01  4.1666666666666670e+00  1.0000000000000000e+00
93    1.7763568394002505e-15  2.0833333333333332e+01  4.1666666666666670e+00  1.0000000000000000e+00
94    1.2500000000000000e+01  2.0833333333333332e+01  4.1666666666666670e+00  1.0000000000000000e+00
95    2.5000000000000000e+01  2.0833333333333332e+01  4.1666666666666670e+00  1.0000000000000000e+00
96    3.7500000000000000e+01  2.0833333333333332e+01  4.1666666666666670e+00  1.0000000000000000e+00
97    4.5833333333333336e+01  2.0833333333333332e+01  4.1666666666666670e+00  1.0000000000000000e+00
98    5.0000000000000000e+01  2.0833333333333332e+01  4.1666666666666670e+00  1.0000000000000000e+00
99   -5.0000000000000000e+01  2.5000000000000000e+01  4.1666666666666670e+00  1.0000000000000000e+00
100  -4.5833333333333336e+01  2.5000000000000000e+01  4.1666666666666670e+00  1.0000000000000000e+00
101  -3.7499999999999993e+01  2.5000000000000000e+01  4.1666666666666670e+00  1.0000000000000000e+00
102  -2.5000000000000000e+01  2.5000000000000000e+01  4.1666666666666670e+00  1.0000000000000000e+00
103  -1.2499999999999998e+01  2.5000000000000000e+01  4.1666666666666670e+00  1.0000000000000000e+00
104   1.7763568394002505e-15  2.5000000000000000e+01  4.1666666666666670e+00  1.0000000000000000e+00
105   1.2500000000000000e+01  2.5000000000000000e+01  4.1666666666666670e+00  1.0000000000000000e+00
106   2.5000000000000000e+01  2.5000000000000000e+01  4.1666666666666670e+00  1.0000000000000000e+00
107   3.7500000000000000e+01  2.5000000000000000e+01  4.1666666666666670e+00  1.0000000000000000e+00
108   4.5833333333333336e+01  2.5000000000000000e+01  4.1666666666666670e+00  1.0000000000000000e+00
109   5.0000000000000000e+01  2.5000000000000000e+01  4.1666666666666670e+00  1.0000000000000000e+00
110  -5.0000000000000000e+01  0.0000000000000000e+00  1.2500000000000000e+01  1.0000000000000000e+00
111  -4.5833333333333336e+01  0.0000000000000000e+00  1.2500000000000000e+01  1.0000000000000000e+00
112  -3.7499999999999993e+01  0.0000000000000000e+00  1.2500000000000000e+01  1.0000000000000000e+00
113  -2.5000000000000000e+01  0.0000000000000000e+00  1.2500000000000000e+01  1.0000000000000000e+00
114  -1.2499999999999998e+01  0.0000000000000000e+00  1.2500000000000000e+01  1.0000000000000000e+00
115   1.7763568394002505e-15  0.0000000000000000e+00  1.2500000000000000e+01  1.0000000000000000e+00
116   1.2500000000000000e+01  0.0000000000000000e+00  1.2500000000000000e+01  1.0000000000000000e+00
117   2.5000000000000000e+01  0.0000000000000000e+00  1.2500000000000000e+01  1.0000000000000000e+00
118   3.7500000000000000e+01  0.0000000000000000e+00  1.2500000000000000e+01  1.0000000000000000e+00
119   4.5833333333333336e+01  0.0000000000000000e+00  1.2500000000000000e+01  1.0000000000000000e+00
120   5.0000000000000000e+01  0.0000000000000000e+00  1.2500000000000000e+01  1.0000000000000000e+00
121  -5.0000000000000000e+01  4.1666666666666670e+00  1.2500000000000000e+01  1.0000000000000000e+00
122  -4.5833333333333336e+01  4.1666666666666670e+00  1.2500000000000000e+01  1.0000000000000000e+00
123  -3.7499999999999993e+01  4.1666666666666670e+00  1.2500000000000000e+01  1.0000000000000000e+00
124  -2.5000000000000000e+01  4.1666666666666670e+00  1.2500000000000000e+01  1.0000000000000000e+00
125  -1.2499999999999998e+01  4.1666666666666670e+00  1.2500000000000000e+01  1.0000000000000000e+00
126   1.7763568394002505e-15  4.1666666666666670e+00  1.2500000000000000e+01  1.0000000000000000e+00
127   1.2500000000000000e+01  4.1666666666666670e+00  1.2500000000000000e+01  1.0000000000000000e+00
128   2.5000000000000000e+01  4.1666666666666670e+00  1.2500000000000000e+01  1.0000000000000000e+00
129   3.7500000000000000e+01  4.1666666666666670e+00  1.2500000000000000e+01  1.0000000000000000e+00
130   4.5833333333333336e+01  4.1666666666666670e+00  1.2500000000000000e+01  1.0000000000000000e+00
131   5.0000000000000000e+01  4.1666666666666670e+00  1.2500000000000000e+01  1.0000000000000000e+00
132  -5.0000000000000000e+01  1.2500000000000000e+01  1.2500000000000000e+01  1.0000000000000000e+00
133  -4.5833333333333336e+01  1.2500000000000000e+01  1.2500000000000000e+01  1.0000000000000000e+00
134  -3.7499999999999993e+01  1.2499999999999996e+01  1.2500000000000000e+01  1.0000000000000000e+00
135  -2.5000000000000000e+01  1.2500000000000000e+01  1.2500000000000000e+01  1.0000000000000000e+00
136  -1.2499999999999998e+01  1.2500000000000000e+01  1.2500000000000000e+01  1.0000000000000000e+00
137   1.7763568394002505e-15  1.2500000000000000e+01  1.2500000000000000e+01  1.0000000000000000e+00
138   1.2500000000000000e+01  1.2500000000000000e+01  1.2500000000000000e+01  1.0000000000000000e+00
139   2.5000000000000000e+01  1.2500000000000000e+01  1.2500000000000000e+01  1.0000000000000000e+00
140   3.7500000000000000e+01  1.2500000000000000e+01  1.2500000000000000e+01  1.0000000000000000e+00
141   4.5833333333333336e+01  1.2500000000000000e+01  1.2500000000000000e+01  1.0000000000000000e+00
142   5.0000000000000000e+01  1.2500000000000000e+01  1.2500000000000000e+01  1.0000000000000000e+00
143  -5.0000000000000000e+01  2.0833333333333332e+01  1.2500000000000000e+01  1.0000000000000000e+00
144  -4.5833333333333336e+01  2.0833333333333332e+01  1.2500000000000000e+01  1.0000000000000000e+00
145  -3.7499999999999993e+01  2.0833333333333329e+01  1.2500000000000000e+01  1.0000000000000000e+00
146  -2.5000000000000000e+01  2.0833333333333332e+01  1.2500000000000000e+01  1.0000000000000000e+00
147  -1.2499999999999998e+01  2.0833333333333332e+01  1.2500000000000000e+01  1.0000000000000000e+00
148   1.7763568394002505e-15  2.0833333333333332e+01  1.2500000000000000e+01  1.0000000000000000e+00
149   1.2500000000000000e+01  2.0833333333333332e+01  1.2500000000000000e+01  1.0000000000000000e+00
150   2.5000000000000000e+01  2.0833333333333332e+01  1.2500000000000000e+01  1.0000000000000000e+00
151   3.7500000000000000e+01  2.0833333333333332e+01  1.2500000000000000e+01  1.0000000000000000e+00
152   4.5833333333333336e+01  2.0833333333333332e+01  1.2500000000000000e+01  1.0000000000000000e+00
153   5.0000000000000000e+01  2.0833333333333332e+01  1.2500000000000000e+01  1.0000000000000000e+00
154  -5.0000000000000000e+01  2.5000000000000000e+01  1.2500000000000000e+01  1.0000000000000000e+00
155  -4.5833333333333336e+01  2.5000000000000000e+01  1.2500000000000000e+01  1.0000000000000000e+00
156  -3.7499999999999993e+01  2.5000000000000000e+01  1.2500000000000000e+01  1.0000000000000000e+00
157  -2.5000000000000000e+01  2.5000000000000000e+01  1.2500000000000000e+01  1.0000000000000000e+00
158  -1.2499999999999998e+01  2.5000000000000000e+01  1.2500000000000000e+01  1.0000000000000000e+00
159   1.7763568394002505e-15  2.5000000000000000e+01  1.2500000000000000e+01  1.0000000000000000e+00
160   1.2500000000000000e+01  2.5000000000000000e+01  1.2500000000000000e+01  1.0000000000000000e+00
161   2.5000000000000000e+01  2.5000000000000000e+01  1.2500000000000000e+01  1.0000000000000000e+00
162   3.7500000000000000e+01  2.5000000000000000e+01  1.2500000000000000e+01  1.0000000000000000e+00
163   4.5833333333333336e+01  2.5000000000000000e+01  1.2500000000000000e+01  1.0000000000000000e+00
164   5.0000000000000000e+01  2.5000000000000000e+01  1.2500000000000000e+01  1.0000000000000000e+00
165  -5.0000000000000000e+01  0.0000000000000000e+00  2.5000000000000000e+01  1.0000000000000000e+00
166  -4.5833333333333336e+01  0.0000000000000000e+00  2.5000000000000000e+01  1.0000000000000000e+00
167  -3.7499999999999993e+01  0.0000000000000000e+00  2.4999999999999996e+01  1.0000000000000000e+00
168  -2.5000000000000000e+01  0.0000000000000000e+00  2.5000000000000000e+01  1.0000000000000000e+00
169  -1.2499999999999998e+01  0.0000000000000000e+00  2.5000000000000000e+01  1.0000000000000000e+00
170   1.7763568394002505e-15  0.0000000000000000e+00  2.5000000000000000e+01  1.0000000000000000e+00
171   1.2500000000000000e+01  0.0000000000000000e+00  2.5000000000000000e+01  1.0000000000000000e+00
172   2.5000000000000000e+01  0.0000000000000000e+00  2.5000000000000000e+01  1.0000000000000000e+00
173   3.7500000000000000e+01  0.0000000000000000e+00  2.5000000000000000e+01  1.0000000000000000e+00
174   4.5833333333333336e+01  0.0000000000000000e+00  2.5000000000000000e+01  1.0000000000000000e+00
175   5.0000000000000000e+01  0.0000000000000000e+00  2.5000000000000000e+01  1.0000000000000000e+00
176  -5.0000000000000000e+01  4.1666666666666670e+00  2.5000000000000000e+01  1.0000000000000000e+00
177  -4.5833333333333336e+01  4.1666666666666670e+00  2.5000000000000000e+01  1.0000000000000000e+00
178  -3.7499999999999993e+01  4.1666666666666670e+00  2.4999999999999996e+01  1.0000000000000000e+00
179  -2.5000000000000000e+01  4.1666666666666670e+00  2.5000000000000000e+01  1.0000000000000000e+00
180  -1.2499999999999998e+01  4.1666666666666670e+00  2.5000000000000000e+01  1.0000000000000000e+00
181   1.7763568394002505e-15  4.1666666666666670e+00  2.5000000000000000e+01  1.0000000000000000e+00
182   1.2500000000000000e+01  4.1666666666666670e+00  2.5000000000000000e+01  1.0000000000000000e+00
183   2.5000000000000000e+01  4.1666666666666670e+00  2.5000000000000000e+01  1.0000000000000000e+00
184   3.7500000000000000e+01  4.1666666666666670e+00  2.5000000000000000e+01  1.0000000000000000e+00
185   4.5833333333333336e+01  4.1666666666666670e+00  2.5000000000000000e+01  1.0000000000000000e+00
186   5.0000000000000000e+01  4.1666666666666670e+00  2.5000000000000000e+01  1.0000000000000000e+00
187  -5.0000000000000000e+01  1.2500000000000000e+01  2.5000000000000000e+01  1.0000000000000000e+00
188  -4.5833333333333336e+01  1.2500000000000000e+01  2.5000000000000000e+01  1.0000000000000000e+00
189  -3.7499999999999993e+01  1.2499999999999996e+01  2.4999999999999996e+01  1.0000000000000000e+00
190  -2.5000000000000000e+01  1.2500000000000000e+01  2.5000000000000000e+01  1.0000000000000000e+00
191  -1.2499999999999998e+01  1.2500000000000000e+01  2.5000000000000000e+01  1.0000000000000000e+00
192   1.7763568394002505e-15  1.2500000000000000e+01  2.5000000000000000e+01  1.0000000000000000e+00
193   1.2500000000000000e+01  1.2500000000000000e+01  2.5000000000000000e+01  1.0000000000000000e+00
194   2.5000000000000000e+01  1.2500000000000000e+01  2.5000000000000000e+01  1.0000000000000000e+00
195   3.7500000000000000e+01  1.2500000000000000e+01  2.5000000000000000e+01  1.0000000000000000e+00
196   4.5833333333333336e+01  1.2500000000000000e+01  2.5000000000000000e+01  1.0000000000000000e+00
197   5.0000000000000000e+01  1.2500000000000000e+01  2.5000000000000000e+01  1.0000000000000000e+00
198  -5.0000000000000000e+01  2.0833333333333332e+01  2.5000000000000000e+01  1.0000000000000000e+00
199  -4.5833333333333336e+01  2.0833333333333332e+01  2.5000000000000000e+01  1.0000000000000000e+00
200  -3.7499999999999993e+01  2.0833333333333329e+01  2.4999999999999996e+01  1.0000000000000000e+00
201  -2.5000000000000000e+01  2.0833333333333332e+01  2.5000000000000000e+01  1.0000000000000000e+00
202  -1.2499999999999998e+01  2.0833333333333332e+01  2.5000000000000000e+01  1.0000000000000000e+00
203   1.7763568394002505e-15  2.0833333333333332e+01  2.5000000000000000e+01  1.0000000000000000e+00
204   1.2500000000000000e+01  2.0833333333333332e+01  2.5000000000000000e+01  1.0000000000000000e+00
205   2.5000000000000000e+01  2.0833333333333332e+01  2.5000000000000000e+01  1.0000000000000000e+00
206   3.7500000000000000e+01  2.0833333333333332e+01  2.5000000000000000e+01  1.0000000000000000e+00
207   4.5833333333333336e+01  2.0833333333333332e+01  2.5000000000000000e+01  1.0000000000000000e+00
208   5.0000000000000000e+01  2.0833333333333332e+01  2.5000000000000000e+01  1.0000000000000000e+00
209  -5.0000000000000000e+01  2.5000000000000000e+01  2.5000000000000000e+01  1.0000000000000000e+00
210  -4.5833333333333336e+01  2.5000000000000000e+01  2.5000000000000000e+01  1.0000000000000000e+00
211  -3.7499999999999993e+01  2.5000000000000000e+01  2.4999999999999996e+01  1.0000000000000000e+00
212  -2.5000000000000000e+01  2.5000000000000000e+01  2.5000000000000000e+01  1.0000000000000000e+00
213  -1.2499999999999998e+01  2.5000000000000000e+01  2.5000000000000000e+01  1.0000000000000000e+00
214   1.7763568394002505e-15  2.5000000000000000e+01  2.5000000000000000e+01  1.0000000000000000e+00
215   1.2500000000000000e+01  2.5000000000000000e+01  2.5000000000000000e+01  1.0000000000000000e+00
216   2.5000000000000000e+01  2.5000000000000000e+01  2.5000000000000000e+01  1.0000000000000000e+00
217   3.7500000000000000e+01  2.5000000000000000e+01  2.5000000000000000e+01  1.0000000000000000e+00
218   4.5833333333333336e+01  2.5000000000000000e+01  2.5000000000000000e+01  1.0000000000000000e+00
219   5.0000000000000000e+01  2.5000000000000000e+01  2.5000000000000000e+01  1.0000000000000000e+00
220  -5.0000000000000000e+01  0.0000000000000000e+00  3.7500000000000000e+01  1.0000000000000000e+00
221  -4.5833333333333336e+01  0.0000000000000000e+00  3.7500000000000000e+01  1.0000000000000000e+00
222  -3.7499999999999993e+01  0.0000000000000000e+00  3.7499999999999993e+01  1.0000000000000000e+00
223  -2.5000000000000000e+01  0.0000000000000000e+00  3.7500000000000000e+01  1.0000000000000000e+00
224  -1.2499999999999998e+01  0.0000000000000000e+00  3.7500000000000000e+01  1.0000000000000000e+00
225   1.7763568394002505e-15  0.0000000000000000e+00  3.7500000000000000e+01  1.0000000000000000e+00
226   1.2500000000000000e+01  0.0000000000000000e+00  3.7500000000000000e+01  1.0000000000000000e+00
227   2.5000000000000000e+01  0.0000000000000000e+00  3.7500000000000000e+01  1.0000000000000000e+00
228   3.7500000000000000e+01  0.0000000000000000e+00  3.7500000000000000e+01  1.0000000000000000e+00
229   4.5833333333333336e+01  0.0000000000000000e+00  3.7500000000000000e+01  1.0000000000000000e+00
230   5.0000000000000000e+01  0.0000000000000000e+00  3.7500000000000000e+01  1.0000000000000000e+00
231  -5.0000000000000000e+01  4.1666666666666670e+00  3.7500000000000000e+01  1.0000000000000000e+00
232  -4.5833333333333336e+01  4.1666666666666670e+00  3.7500000000000000e+01  1.0000000000000000e+00
233  -3.7499999999999993e+01  4.1666666666666670e+00  3.7499999999999993e+01  1.0000000000000000e+00
234  -2.5000000000000000e+01  4.1666666666666670e+00  3.7500000000000000e+01  1.0000000000000000e+00
235  -1.2499999999999998e+01  4.1666666666666670e+00  3.7500000000000000e+01  1.0000000000000000e+00
236   1.7763568394002505e-15  4.1666666666666670e+00  3.7500000000000000e+01  1.0000000000000000e+00
237   1.2500000000000000e+01  4.1666666666666670e+00  3.7500000000000000e+01  1.0000000000000000e+00
238   2.5000000000000000e+01  4.1666666666666670e+00  3.7500000000000000e+01  1.0000000000000000e+00
239   3.7500000000000000e+01  4.1666666666666670e+00  3.7500000000000000e+01  1.0000000000000000e+00
240   4.5833333333333336e+01  4.1666666666666670e+00  3.7500000000000000e+01  1.0000000000000000e+00
241   5.0000000000000000e+01  4.1666666666666670e+00  3.7500000000000000e+01  1.0000000000000000e+00
242  -5.0000000000000000e+01  1.2500000000000000e+01  3.7500000000000000e+01  1.0000000000000000e+00
243  -4.5833333333333336e+01  1.2500000000000000e+01  3.7500000000000000e+01  1.0000000000000000e+00
244  -3.7499999999999993e+01  1.2499999999999996e+01  3.7499999999999993e+01  1.0000000000000000e+00
245  -2.5000000000000000e+01  1.2500000000000000e+01  3.7500000000000000e+01  1.0000000000000000e+00
246  -1.2499999999999998e+01  1.2500000000000000e+01  3.7500000000000000e+01  1.0000000000000000e+00
247   1.7763568394002505e-15  1.2500000000000000e+01  3.7500000000000000e+01  1.0000000000000000e+00
248   1.2500000000000000e+01  1.2500000000000000e+01  3.7500000000000000e+01  1.0000000000000000e+00
249   2.5000000000000000e+01  1.2500000000000000e+01  3.7500000000000000e+01  1.0000000000000000e+00
250   3.7500000000000000e+01  1.2500000000000000e+01  3.7500000000000000e+01  1.0000000000000000e+00
251   4.5833333333333336e+01  1.2500000000000000e+01  3.7500000000000000e+01  1.0000000000000000e+00
252   5.0000000000000000e+01  1.2500000000000000e+01  3.7500000000000000e+01  1.0000000000000000e+00
253  -5.0000000000000000e+01  2.0833333333333332e+01  3.7500000000000000e+01  1.0000000000000000e+00
254  -4.5833333333333336e+01  2.0833333333333332e+01  3.7500000000000000e+01  1.0000000000000000e+00
255  -3.7499999999999993e+01  2.0833333333333329e+01  3.7499999999999993e+01  1.0000000000000000e+00
256  -2.5000000000000000e+01  2.0833333333333332e+01  3.7500000000000000e+01  1.0000000000000000e+00
257  -1.2499999999999998e+01  2.0833333333333332e+01  3.7500000000000000e+01  1.0000000000000000e+00
258   1.7763568394002505e-15  2.0833333333333332e+01  3.7500000000000000e+01  1.0000000000000000e+00
259   1.2500000000000000e+01  2.0833333333333332e+01  3.7500000000000000e+01  1.0000000000000000e+00
260   2.5000000000000000e+01  2.0833333333333332e+01  3.7500000000000000e+01  1.0000000000000000e+00
261   3.7500000000000000e+01  2.0833333333333332e+01  3.7500000000000000e+01  1.0000000000000000e+00
262   4.5833333333333336e+01  2.0833333333333332e+01  3.7500000000000000e+01  1.0000000000000000e+00
263   5.0000000000000000e+01  2.0833333333333332e+01  3.7500000000000000e+01  1.0000000000000000e+00
264  -5.0000000000000000e+01  2.5000000000000000e+01  3.7500000000000000e+01  1.0000000000000000e+00
265  -4.5833333333333336e+01  2.5000000000000000e+01  3.7500000000000000e+01  1.0000000000000000e+00
266  -3.7499999999999993e+01  2.5000000000000000e+01  3.7499999999999993e+01  1.0000000000000000e+00
267  -2.5000000000000000e+01  2.5000000000000000e+01  3.7500000000000000e+01  1.0000000000000000e+00
268  -1.2499999999999998e+01  2.5000000000000000e+01  3.7500000000000000e+01  1.0000000000000000e+00
269   1.7763568394002505e-15  2.5000000000000000e+01  3.7500000000000000e+01  1.0000000000000000e+00
270   1.2500000000000000e+01  2.5000000000000000e+01  3.7500000000000000e+01  1.0000000000000000e+00
271   2.5000000000000000e+01  2.5000000000000000e+01  3.7500000000000000e+01  1.0000000000000000e+00
272   3.7500000000000000e+01  2.5000000000000000e+01  3.7500000000000000e+01  1.0000000000000000e+00
273   4.5833333333333336e+01  2.5000000000000000e+01  3.7500000000000000e+01  1.0000000000000000e+00
274   5.0000000000000000e+01  2.5000000000000000e+01  3.7500000000000000e+01  1.0000000000000000e+00
275  -5.0000000000000000e+01  0.0000000000000000e+00  4.5833333333333329e+01  1.0000000000000000e+00
276  -4.5833333333333336e+01  0.0000000000000000e+00  4.5833333333333329e+01  1.0000000000000000e+00
277  -3.7499999999999993e+01  0.0000000000000000e+00  4.5833333333333329e+01  1.0000000000000000e+00
278  -2.5000000000000000e+01  0.0000000000000000e+00  4.5833333333333329e+01  1.0000000000000000e+00
279  -1.2499999999999998e+01  0.0000000000000000e+00  4.5833333333333329e+01  1.0000000000000000e+00
280   1.7763568394002505e-15  0.0000000000000000e+00  4.5833333333333329e+01  1.0000000000000000e+00
281   1.2500000000000000e+01  0.0000000000000000e+00  4.5833333333333329e+01  1.0000000000000000e+00
282   2.5000000000000000e+01  0.0000000000000000e+00  4.5833333333333329e+01  1.0000000000000000e+00
283   3.7500000000000000e+01  0.0000000000000000e+00  4.5833333333333329e+01  1.0000000000000000e+00
284   4.5833333333333336e+01  0.0000000000000000e+00  4.5833333333333329e+01  1.0000000000000000e+00
285   5.0000000000000000e+01  0.0000000000000000e+00  4.5833333333333329e+01  1.0000000000000000e+00
286  -5.0000000000000000e+01  4.1666666666666670e+00  4.5833333333333329e+01  1.0000000000000000e+00
287  -4.5833333333333336e+01  4.1666666666666670e+00  4.5833333333333329e+01  1.0000000000000000e+00
288  -3.7499999999999993e+01  4.1666666666666670e+00  4.5833333333333329e+01  1.0000000000000000e+00
289  -2.5000000000000000e+01  4.1666666666666670e+00  4.5833333333333329e+01  1.0000000000000000e+00
290  -1.2499999999999998e+01  4.1666666666666670e+00  4.5833333333333329e+01  1.0000000000000000e+00
291   1.7763568394002505e-15  4.1666666666666670e+00  4.5833333333333329e+01  1.0000000000000000e+00
292   1.2500000000000000e+01  4.1666666666666670e+00  4.5833333333333329e+01  1.0000000000000000e+00
293   2.5000000000000000e+01  4.1666666666666670e+00  4.5833333333333329e+01  1.0000000000000000e+00
294   3.7500000000000000e+01  4.1666666666666670e+00  4.5833333333333329e+01  1.0000000000000000e+00
295   4.5833333333333336e+01  4.1666666666666670e+00  4.5833333333333329e+01  1.0000000000000000e+00
296   5.0000000000000000e+01  4.1666666666666670e+00  4.5833333333333329e+01  1.0000000000000000e+00
297  -5.0000000000000000e+01  1.2500000000000000e+01  4.5833333333333329e+01  1.0000000000000000e+00
298  -4.5833333333333336e+01  1.2500000000000000e+01  4.5833333333333329e+01  1.0000000000000000e+00
299  -3.7499999999999993e+01  1.2499999999999996e+01  4.5833333333333329e+01  1.0000000000000000e+00
300  -2.5000000000000000e+01  1.2500000000000000e+01  4.5833333333333329e+01  1.0000000000000000e+00
301  -1.2499999999999998e+01  1.2500000000000000e+01  4.5833333333333329e+01  1.0000000000000000e+00
302   1.7763568394002505e-15  1.2500000000000000e+01  4.5833333333333329e+01  1.0000000000000000e+00
303   1.2500000000000000e+01  1.2500000000000000e+01  4.5833333333333329e+01  1.0000000000000000e+00
304   2.5000000000000000e+01  1.2500000000000000e+01  4.5833333333333329e+01  1.0000000000000000e+00
305   3.7500000000000000e+01  1.2500000000000000e+01  4.5833333333333329e+01  1.0000000000000000e+00
306   4.5833333333333336e+01  1.2500000000000000e+01  4.5833333333333329e+01  1.0000000000000000e+00
307   5.0000000000000000e+01  1.2500000000000000e+01  4.5833333333333329e+01  1.0000000000000000e+00
308  -5.0000000000000000e+01  2.0833333333333332e+01  4.5833333333333329e+01  1.0000000000000000e+00
309  -4.5833333333333336e+01  2.0833333333333332e+01  4.5833333333333329e+01  1.0000000000000000e+00
310  -3.7499999999999993e+01  2.0833333333333329e+01  4.5833333333333329e+01  1.0000000000000000e+00
311  -2.5000000000000000e+01  2.0833333333333332e+01  4.5833333333333329e+01  1.0000000000000000e+00
312  -1.2499999999999998e+01  2.0833333333333332e+01  4.5833333333333329e+01  1.0000000000000000e+00
313   1.7763568394002505e-15  2.0833333333333332e+01  4.5833333333333329e+01  1.0000000000000000e+00
314   1.2500000000000000e+01  2.0833333333333332e+01  4.5833333333333329e+01  1.0000000000000000e+00
315   2.5000000000000000e+01  2.0833333333333332e+01  4.5833333333333329e+01  1.0000000000000000e+00
316   3.7500000000000000e+01  2.0833333333333332e+01  4.5833333333333329e+01  1.0000000000000000e+00
317   4.5833333333333336e+01  2.0833333333333332e+01  4.5833333333333329e+01  1.0000000000000000e+00
318   5.0000000000000000e+01  2.0833333333333332e+01  4.5833333333333329e+01  1.0000000000000000e+00
319  -5.0000000000000000e+01  2.5000000000000000e+01  4.5833333333333329e+01  1.0000000000000000e+00
320  -4.5833333333333336e+01  2.5000000000000000e+01  4.5833333333333329e+01  1.0000000000000000e+00
321  -3.7499999999999993e+01  2.5000000000000000e+01  4.5833333333333329e+01  1.0000000000000000e+00
322  -2.5000000000000000e+01  2.5000000000000000e+01  4.5833333333333329e+01  1.0000000000000000e+00
323  -1.2499999999999998e+01  2.5000000000000000e+01  4.5833333333333329e+01  1.0000000000000000e+00
324   1.7763568394002505e-15  2.5000000000000000e+01  4.5833333333333329e+01  1.0000000000000000e+00
325   1.2500000000000000e+01  2.5000000000000000e+01  4.5833333333333329e+01  1.0000000000000000e+00
326   2.5000000000000000e+01  2.5000000000000000e+01  4.5833333333333329e+01  1.0000000000000000e+00
327   3.7500000000000000e+01  2.5000000000000000e+01  4.5833333333333329e+01  1.0000000000000000e+00
328   4.5833333333333336e+01  2.5000000000000000e+01  4.5833333333333329e+01  1.0000000000000000e+00
329   5.0000000000000000e+01  2.5000000000000000e+01  4.5833333333333329e+01  1.0000000000000000e+00
330  -5.0000000000000000e+01  0.0000000000000000e+00  5.0000000000000000e+01  1.0000000000000000e+00
331  -4.5833333333333336e+01  0.0000000000000000e+00  5.0000000000000000e+01  1.0000000000000000e+00
332  -3.7499999999999993e+01  0.0000000000000000e+00  5.0000000000000000e+01  1.0000000000000000e+00
333  -2.5000000000000000e+01  0.0000000000000000e+00  5.0000000000000000e+01  1.0000000000000000e+00
334  -1.2499999999999998e+01  0.0000000000000000e+00  5.0000000000000000e+01  1.0000000000000000e+00
335   1.7763568394002505e-15  0.0000000000000000e+00  5.0000000000000000e+01  1.0000000000000000e+00
336   1.2500000000000000e+01  0.0000000000000000e+00  5.0000000000000000e+01  1.0000000000000000e+00
337   2.5000000000000000e+01  0.0000000000000000e+00  5.0000000000000000e+01  1.0000000000000000e+00
338   3.7500000000000000e+01  0.0000000000000000e+00  5.0000000000000000e+01  1.0000000000000000e+00
339   4.5833333333333336e+01  0.0000000000000000e+00  5.0000000000000000e+01  1.0000000000000000e+00
340   5.0000000000000000e+01  0.0000000000000000e+00  5.0000000000000000e+01  1.0000000000000000e+00
341  -5.0000000000000000e+01  4.1666666666666670e+00  5.0000000000000000e+01  1.0000000000000000e+00
342  -4.5833333333333336e+01  4.1666666666666670e+00  5.0000000000000000e+01  1.0000000000000000e+00
343  -3.7499999999999993e+01  4.1666666666666670e+00  5.0000000000000000e+01  1.0000000000000000e+00
344  -2.5000000000000000e+01  4.1666666666666670e+00  5.0000000000000000e+01  1.0000000000000000e+00
345  -1.2499999999999998e+01  4.1666666666666670e+00  5.0000000000000000e+01  1.0000000000000000e+00
346   1.7763568394002505e-15  4.1666666666666670e+00  5.0000000000000000e+01  1.0000000000000000e+00
347   1.2500000000000000e+01  4.1666666666666670e+00  5.0000000000000000e+01  1.0000000000000000e+00
348   2.5000000000000000e+01  4.1666666666666670e+00  5.0000000000000000e+01  1.0000000000000000e+00
349   3.7500000000000000e+01  4.1666666666666670e+00  5.0000000000000000e+01  1.0000000000000000e+00
350   4.5833333333333336e+01  4.1666666666666670e+00  5.0000000000000000e+01  1.0000000000000000e+00
351   5.0000000000000000e+01  4.1666666666666670e+00  5.0000000000000000e+01  1.0000000000000000e+00
352  -5.0000000000000000e+01  1.2500000000000000e+01  5.0000000000000000e+01  1.0000000000000000e+00
353  -4.5833333333333336e+01  1.2500000000000000e+01  5.0000000000000000e+01  1.0000000000000000e+00
354  -3.7499999999999993e+01  1.2499999999999996e+01  5.0000000000000000e+01  1.0000000000000000e+00
355  -2.5000000000000000e+01  1.2500000000000000e+01  5.0000000000000000e+01  1.0000000000000000e+00
356  -1.2499999999999998e+01  1.2500000000000000e+01  5.0000000000000000e+01  1.0000000000000000e+00
357   1.7763568394002505e-15  1.2500000000000000e+01  5.0000000000000000e+01  1.0000000000000000e+00
358   1.2500000000000000e+01  1.2500000000000000e+01  5.0000000000000000e+01  1.0000000000000000e+00
359   2.5000000000000000e+01  1.2500000000000000e+01  5.0000000000000000e+01  1.0000000000000000e+00
360   3.7500000000000000e+01  1.2500000000000000e+01  5.0000000000000000e+01  1.0000000000000000e+00
361   4.5833333333333336e+01  1.2500000000000000e+01  5.0000000000000000e+01  1.0000000000000000e+00
362   5.0000000000000000e+01  1.2500000000000000e+01  5.0000000000000000e+01  1.0000000000000000e+00
363  -5.0000000000000000e+01  2.0833333333333332e+01  5.0000000000000000e+01  1.0000000000000000e+00
364  -4.5833333333333336e+01  2.0833333333333332e+01  5.0000000000000000e+01  1.0000000000000000e+00
365  -3.7499999999999993e+01  2.0833333333333329e+01  5.0000000000000000e+01  1.0000000000000000e+00
366  -2.5000000000000000e+01  2.0833333333333332e+01  5.0000000000000000e+01  1.0000000000000000e+00
367  -1.2499999999999998e+01  2.0833333333333332e+01  5.0000000000000000e+01  1.0000000000000000e+00
368   1.7763568394002505e-15  2.0833333333333332e+01  5.0000000000000000e+01  1.0000000000000000e+00
369   1.2500000000000000e+01  2.0833333333333332e+01  5.0000000000000000e+01  1.0000000000000000e+00
370   2.5000000000000000e+01  2.0833333333333332e+01  5.0000000000000000e+01  1.0000000000000000e+00
371   3.7500000000000000e+01  2.0833333333333332e+01  5.0000000000000000e+01  1.0000000000000000e+00
372   4.5833333333333336e+01  2.0833333333333332e+01  5.0000000000000000e+01  1.0000000000000000e+00
373   5.0000000000000000e+01  2.0833333333333332e+01  5.0000000000000000e+01  1.0000000000000000e+00
374  -5.0000000000000000e+01  2.5000000000000000e+01  5.0000000000000000e+01  1.0000000000000000e+00
375  -4.5833333333333336e+01  2.5000000000000000e+01  5.0000000000000000e+01  1.0000000000000000e+00
376  -3.7499999999999993e+01  2.5000000000000000e+01  5.0000000000000000e+01  1.0000000000000000e+00
377  -2.5000000000000000e+01  2.5000000000000000e+01  5.0000000000000000e+01  1.0000000000000000e+00
378  -1.2499999999999998e+01  2.5000000000000000e+01  5.0000000000000000e+01  1.0000000000000000e+00
379   1.7763568394002505e-15  2.5000000000000000e+01  5.0000000000000000e+01  1.0000000000000000e+00
380   1.2500000000000000e+01  2.5000000000000000e+01  5.0000000000000000e+01  1.0000000000000000e+00
381   2.5000000000000000e+01  2.5000000000000000e+01  5.0000000000000000e+01  1.0000000000000000e+00
382   3.7500000000000000e+01  2.5000000000000000e+01  5.0000000000000000e+01  1.0000000000000000e+00
383   4.5833333333333336e+01  2.5000000000000000e+01  5.0000000000000000e+01  1.0000000000000000e+00
384   5.0000000000000000e+01  2.5000000000000000e+01  5.0000000000000000e+01  1.0000000000000000e+00

0    2    0.000000e+00
1    2    0.000000e+00
2    2    0.000000e+00
3    2    0.000000e+00
4    2    0.000000e+00
5    2    0.000000e+00
6    2    0.000000e+00
7    2    0.000000e+00
8    2    0.000000e+00
9    2    0.000000e+00
10   2    0.000000e+00
11   2    0.000000e+00
12   2    0.000000e+00
13   2    0.000000e+00
14   2    0.000000e+00
15   2    0.000000e+00
16   2    0.000000e+00
17   2    0.000000e+00
18   2    0.000000e+00
19   2    0.000000e+00
20   2    0.000000e+00
21   2    0.000000e+00
22   2    0.000000e+00
23   2    0.000000e+00
24   2    0.000000e+00
25   2    0.000000e+00
26   2    0.000000e+00
27   2    0.000000e+00
28   2    0.000000e+00
29   2    0.000000e+00
30   2    0.000000e+00
31   2    0.000000e+00
32   2    0.000000e+00
33   2    0.000000e+00
34   2    0.000000e+00
35   2    0.000000e+00
36   2    0.000000e+00
37   2    0.000000e+00
38   2    0.000000e+00
39   2    0.000000e+00
40   2    0.000000e+00
41   2    0.000000e+00
42   2    0.000000e+00
43   2    0.000000e+00
44   2    0.000000e+00
45   2    0.000000e+00
46   2    0.000000e+00
47   2    0.000000e+00
48   2    0.000000e+00
49   2    0.000000e+00
50   2    0.000000e+00
51   2    0.000000e+00
52   2    0.000000e+00
53   2    0.000000e+00
54   2    0.000000e+00
0   0    0.000000e+00
0   1    0.000000e+00
10   1    0.000000e+00

2    0    0 1    1.000000e+00   0.000000e+00 1.000000e+00   0.000000e+00 1.000000e+00   1.000000e+00 0.000000e+00 0.000000e+00   1.000000e+00 0.000000e+00 0.000000e+00