3

200000  3.000000e-01

10

460

3    3    3
3    3    3
3    3    3
3    3    3
3    3    3
3    3    3
3    3    3
3    3    3
3    3    3
3    3    3

8    8    8
8    8    8
8    8    8
8    8    8
8    8    8
8    8    8
8    8    8
8    8    8
8    8    8
8    8    8

4    4    4
4    4    4
4    4    4
4    4    4
4    4    4
4    4    4
4    4    4
4    4    4
4    4    4
4    4    4

0    1    2    3    4    5    6    7    8    9    10   11   12   13   14   15   16   17   18   19   20   21   22   23   24   25   26   27   28   29   30   31   32   33   34   35   36   37   38   39   40   41   42   43   44   45   46   47   48   49   50   51   52   53   54   55   56   57   58   59   60   61   62   63
48   49   50   51   52   53   54   55   56   57   58   59   60   61   62   63   64   65   66   67   68   69   70   71   72   73   74   75   76   77   78   79   80   81   82   83   84   85   86   87   88   89   90   91   92   93   94   95   96   97   98   99   100  101  102  103  104  105  106  107  108  109  110  111
96   97   98   99   100  101  102  103  104  105  106  107  108  109  110  111  112  113  114  115  116  117  118  119  120  121  122  123  124  125  126  127  128  129  130  131  132  133  134  135  136  137  138  139  140  141  142  143  144  145  146  147  148  149  150  151  152  153  154  155  156  157  158  159
144  145  146  147  148  149  150  151  152  153  154  155  156  157  158  159  160  161  162  163  164  165  166  167  168  169  170  171  172  173  174  175  176  177  178  179  180  181  182  183  184  185  186  187  188  189  190  191  192  193  194  195  196  197  198  199  200  201  202  203  204  205  206  207
3    208  209  210  7    211  212  213  11   214  215  216  15   217  218  219  19   220  221  222  23   223  224  225  27   226  227  228  31   229  230  231  35   232  233  234  39   235  236  237  43   238  239  240  47   241  242  243  51   244  245  246  55   247  248  249  59   250  251  252  63   253  254  255
51   244  245  246  55   247  248  249  59   250  251  252  63   253  254  255  256  257  258  259  260  261  262  263  264  265  266  267  268  269  270  271  272  273  274  275  276  277  278  279  280  281  282  283  284  285  286  287  288  289  290  291  292  293  294  295  296  297  298  299  300  301  302  303
99   83   67   51   103  87   71   55   107  91   75   59   111  95   79   63   304  305  306  256  307  308  309  260  310  311  312  264  313  314  315  268  316  317  318  272  319  320  321  276  322  323  324  280  325  326  327  284  328  329  330  288  331  332  333  292  334  335  336  296  337  338  339  300
147  131  115  99   151  135  119  103  155  139  123  107  159  143  127  111  340  341  342  304  343  344  345  307  346  347  348  310  349  350  351  313  352  353  354  316  355  356  357  319  358  359  360  322  361  362  363  325  364  365  366  328  367  368  369  331  370  371  372  334  373  374  375  337
376  377  378  147  379  380  381  151  382  383  384  155  385  386  387  159  388  389  390  340  391  392  393  343  394  395  396  346  397  398  399  349  400  401  402  352  403  404  405  355  406  407  408  358  409  410  411  361  412  413  414  364  415  416  417  367  418  419  420  370  421  422  423  373
424  425  426  195  427  428  429  199  430  431  432  203  433  434  435  207  436  437  438  179  439  440  441  183  442  443  444  187  445  446  447  191  448  449  450  163  451  452  453  167  454  455  456  171  457  458  459  175  376  377  378  147  379  380  381  151  382  383  384  155  385  386  387  159

171  0    4

0.0000000000000000e+00  0.0000000000000000e+00  0.0000000000000000e+00  0.0000000000000000e+00  1.0000000000000000e+00  1.0000000000000000e+00  1.0000000000000000e+00  1.0000000000000000e+00
0.0000000000000000e+00  0.0000000000000000e+00  0.0000000000000000e+00  0.0000000000000000e+00  1.0000000000000000e+00  1.0000000000000000e+00  1.0000000000000000e+00  1.0000000000000000e+00
0.0000000000000000e+00  0.0000000000000000e+00  0.0000000000000000e+00  0.0000000000000000e+00  1.0000000000000000e+00  1.0000000000000000e+00  1.0000000000000000e+00  1.0000000000000000e+00
0.0000000000000000e+00  0.0000000000000000e+00  0.0000000000000000e+00  0.0000000000000000e+00  1.0000000000000000e+00  1.0000000000000000e+00  1.0000000000000000e+00  1.0000000000000000e+00
0.0000000000000000e+00  0.0000000000000000e+00  0.0000000000000000e+00  0.0000000000000000e+00  1.0000000000000000e+00  1.0000000000000000e+00  1.0000000000000000e+00  1.0000000000000000e+00
0.0000000000000000e+00  0.0000000000000000e+00  0.0000000000000000e+00  0.0000000000000000e+00  1.0000000000000000e+00  1.0000000000000000e+00  1.0000000000000000e+00  1.0000000000000000e+00
0.0000000000000000e+00  0.0000000000000000e+00  0.0000000000000000e+00  0.0000000000000000e+00  1.0000000000000000e+00  1.0000000000000000e+00  1.0000000000000000e+00  1.0000000000000000e+00
0.0000000000000000e+00  0.0000000000000000e+00  0.0000000000000000e+00  0.0000000000000000e+00  1.0000000000000000e+00  1.0000000000000000e+00  1.0000000000000000e+00  1.0000000000000000e+00
0.0000000000000000e+00  0.0000000000000000e+00  0.0000000000000000e+00  0.0000000000000000e+00  1.0000000000000000e+00  1.0000000000000000e+00  1.0000000000000000e+00  1.0000000000000000e+00
0.0000000000000000e+00  0.0000000000000000e+00  0.0000000000000000e+00  0.0000000000000000e+00  1.0000000000000000e+00  1.0000000000000000e+00  1.0000000000000000e+00  1.0000000000000000e+00
0.0000000000000000e+00  0.0000000000000000e+00  0.0000000000000000e+00  0.0000000000000000e+00  1.0000000000000000e+00  1.0000000000000000e+00  1.0000000000000000e+00  1.0000000000000000e+00
0.0000000000000000e+00  0.0000000000000000e+00  0.0000000000000000e+00  0.0000000000000000e+00  1.0000000000000000e+00  1.0000000000000000e+00  1.0000000000000000e+00  1.0000000000000000e+00
0.0000000000000000e+00  0.0000000000000000e+00  0.0000000000000000e+00  0.0000000000000000e+00  1.0000000000000000e+00  1.0000000000000000e+00  1.0000000000000000e+00  1.0000000000000000e+00
0.0000000000000000e+00  0.0000000000000000e+00  0.0000000000000000e+00  0.0000000000000000e+00  1.0000000000000000e+00  1.0000000000000000e+00  1.0000000000000000e+00  1.0000000000000000e+00
0.0000000000000000e+00  0.0000000000000000e+00  0.0000000000000000e+00  0.0000000000000000e+00  1.0000000000000000e+00  1.0000000000000000e+00  1.0000000000000000e+00  1.0000000000000000e+00
0.0000000000000000e+00  0.0000000000000000e+00  0.0000000000000000e+00  0.0000000000000000e+00  1.0000000000000000e+00  1.0000000000000000e+00  1.0000000000000000e+00  1.0000000000000000e+00
0.0000000000000000e+00  0.0000000000000000e+00  0.0000000000000000e+00  0.0000000000000000e+00  1.0000000000000000e+00  1.0000000000000000e+00  1.0000000000000000e+00  1.0000000000000000e+00
0.0000000000000000e+00  0.0000000000000000e+00  0.0000000000000000e+00  0.0000000000000000e+00  1.0000000000000000e+00  1.0000000000000000e+00  1.0000000000000000e+00  1.0000000000000000e+00
0.0000000000000000e+00  0.0000000000000000e+00  0.0000000000000000e+00  0.0000000000000000e+00  1.0000000000000000e+00  1.0000000000000000e+00  1.0000000000000000e+00  1.0000000000000000e+00
0.0000000000000000e+00  0.0000000000000000e+00  0.0000000000000000e+00  0.0000000000000000e+00  1.0000000000000000e+00  1.0000000000000000e+00  1.0000000000000000e+00  1.0000000000000000e+00
0.0000000000000000e+00  0.0000000000000000e+00  0.0000000000000000e+00  0.0000000000000000e+00  1.0000000000000000e+00  1.0000000000000000e+00  1.0000000000000000e+00  1.0000000000000000e+00
0.0000000000000000e+00  0.0000000000000000e+00  0.0000000000000000e+00  0.0000000000000000e+00  1.0000000000000000e+00  1.0000000000000000e+00  1.0000000000000000e+00  1.0000000000000000e+00
0.0000000000000000e+00  0.0000000000000000e+00  0.0000000000000000e+00  0.0000000000000000e+00  1.0000000000000000e+00  1.0000000000000000e+00  1.0000000000000000e+00  1.0000000000000000e+00
0.0000000000000000e+00  0.0000000000000000e+00  0.0000000000000000e+00  0.0000000000000000e+00  1.0000000000000000e+00  1.0000000000000000e+00  1.0000000000000000e+00  1.0000000000000000e+00
0.0000000000000000e+00  0.0000000000000000e+00  0.0000000000000000e+00  0.0000000000000000e+00  1.0000000000000000e+00  1.0000000000000000e+00  1.0000000000000000e+00  1.0000000000000000e+00
0.0000000000000000e+00  0.0000000000000000e+00  0.0000000000000000e+00  0.0000000000000000e+00  1.0000000000000000e+00  1.0000000000000000e+00  1.0000000000000000e+00  1.0000000000000000e+00
0.0000000000000000e+00  0.0000000000000000e+00  0.0000000000000000e+00  0.0000000000000000e+00  1.0000000000000000e+00  1.0000000000000000e+00  1.0000000000000000e+00  1.0000000000000000e+00
0.0000000000000000e+00  0.0000000000000000e+00  0.0000000000000000e+00  0.0000000000000000e+00  1.0000000000000000e+00  1.0000000000000000e+00  1.0000000000000000e+00  1.0000000000000000e+00
0.0000000000000000e+00  0.0000000000000000e+00  0.0000000000000000e+00  0.0000000000000000e+00  1.0000000000000000e+00  1.0000000000000000e+00  1.0000000000000000e+00  1.0000000000000000e+00
0.0000000000000000e+00  0.0000000000000000e+00  0.0000000000000000e+00  0.0000000000000000e+00  1.0000000000000000e+00  1.0000000000000000e+00  1.0000000000000000e+00  1.0000000000000000e+00

0     5.0000000000000000e-01  0.0000000000000000e+00  0.0000000000000000e+00  1.0000000000000000e+00
1     5.0000000000000000e-01  0.0000000000000000e+00  0.0000000000000000e+00  1.0000000000000000e+00
2     5.8333333333333326e-01  0.0000000000000000e+00  0.0000000000000000e+00  1.0000000000000000e+00
3     7.5000000000000000e-01  0.0000000000000000e+00  0.0000000000000000e+00  1.0000000000000000e+00
4     4.9999999999999867e-01  1.6666666666666669e-01  0.0000000000000000e+00  1.0000000000000000e+00
5     4.9999999999999867e-01  1.6666666666666669e-01  0.0000000000000000e+00  1.0000000000000000e+00
6     5.8333333333333204e-01  1.6666666666666669e-01  0.0000000000000000e+00  1.0000000000000000e+00
7     7.4999999999999867e-01  1.6666666666666669e-01  0.0000000000000000e+00  1.0000000000000000e+00
8     4.9999999999999867e-01  3.3333333333333337e-01  0.0000000000000000e+00  1.0000000000000000e+00
9     4.9999999999999867e-01  3.3333333333333337e-01  0.0000000000000000e+00  1.0000000000000000e+00
10    5.8333333333333204e-01  3.3333333333333337e-01  0.0000000000000000e+00  1.0000000000000000e+00
11    7.4999999999999867e-01  3.3333333333333337e-01  0.0000000000000000e+00  1.0000000000000000e+00
12    5.0000000000000000e-01  5.0000000000000000e-01  0.0000000000000000e+00  1.0000000000000000e+00
13    5.0000000000000000e-01  5.0000000000000000e-01  0.0000000000000000e+00  1.0000000000000000e+00
14    5.8333333333333326e-01  5.0000000000000000e-01  0.0000000000000000e+00  1.0000000000000000e+00
15    7.5000000000000000e-01  5.0000000000000000e-01  0.0000000000000000e+00  1.0000000000000000e+00
16    5.0000000000000000e-01  0.0000000000000000e+00  0.0000000000000000e+00  1.0000000000000000e+00
17    5.0000000000000000e-01  0.0000000000000000e+00  0.0000000000000000e+00  1.0000000000000000e+00
18    5.8333333333333326e-01  0.0000000000000000e+00  2.8888888888888898e-02  1.0000000000000000e+00
19    7.5000000000000000e-01  0.0000000000000000e+00  8.6666666666666684e-02  1.0000000000000000e+00
20    4.9999999999999867e-01  1.6666666666666669e-01  0.0000000000000000e+00  1.0000000000000000e+00
21    4.9999999999999867e-01  1.6666666666666669e-01  0.0000000000000000e+00  1.0000000000000000e+00
22    5.8333333333333204e-01  1.6666666666666669e-01  2.8888888888888901e-02  1.0000000000000000e+00
23    7.4999999999999867e-01  1.6666666666666669e-01  8.6666666666666684e-02  1.0000000000000000e+00
24    4.9999999999999867e-01  3.3333333333333337e-01  0.0000000000000000e+00  1.0000000000000000e+00
25    4.9999999999999867e-01  3.3333333333333337e-01  0.0000000000000000e+00  1.0000000000000000e+00
26    5.8333333333333204e-01  3.3333333333333337e-01  2.8888888888888898e-02  1.0000000000000000e+00
27    7.4999999999999867e-01  3.3333333333333337e-01  8.6666666666666684e-02  1.0000000000000000e+00
28    5.0000000000000000e-01  5.0000000000000000e-01  0.0000000000000000e+00  1.0000000000000000e+00
29    5.0000000000000000e-01  5.0000000000000000e-01  0.0000000000000000e+00  1.0000000000000000e+00
30    5.8333333333333326e-01  5.0000000000000000e-01  2.8888888888888898e-02  1.0000000000000000e+00
31    7.5000000000000000e-01  5.0000000000000000e-01  8.6666666666666684e-02  1.0000000000000000e+00
32    5.0000000000000000e-01  0.0000000000000000e+00  0.0000000000000000e+00  1.0000000000000000e+00
33    5.0000000000000000e-01  0.0000000000000000e+00  0.0000000000000000e+00  1.0000000000000000e+00
34    5.8333333333333326e-01  0.0000000000000000e+00  5.7777777777777789e-02  1.0000000000000000e+00
35    7.5000000000000000e-01  0.0000000000000000e+00  1.7333333333333334e-01  1.0000000000000000e+00
36    4.9999999999999867e-01  1.6666666666666669e-01  0.0000000000000000e+00  1.0000000000000000e+00
37    4.9999999999999867e-01  1.6666666666666669e-01  0.0000000000000000e+00  1.0000000000000000e+00
38    5.8333333333333204e-01  1.6666666666666669e-01  5.7777777777777803e-02  1.0000000000000000e+00
39    7.4999999999999867e-01  1.6666666666666669e-01  1.7333333333333334e-01  1.0000000000000000e+00
40    4.9999999999999867e-01  3.3333333333333337e-01  0.0000000000000000e+00  1.0000000000000000e+00
41    4.9999999999999867e-01  3.3333333333333337e-01  0.0000000000000000e+00  1.0000000000000000e+00
42    5.8333333333333204e-01  3.3333333333333337e-01  5.7777777777777789e-02  1.0000000000000000e+00
43    7.4999999999999867e-01  3.3333333333333337e-01  1.7333333333333334e-01  1.0000000000000000e+00
44    5.0000000000000000e-01  5.0000000000000000e-01  0.0000000000000000e+00  1.0000000000000000e+00
45    5.0000000000000000e-01  5.0000000000000000e-01  0.0000000000000000e+00  1.0000000000000000e+00
46    5.8333333333333326e-01  5.0000000000000000e-01  5.7777777777777789e-02  1.0000000000000000e+00
47    7.5000000000000000e-01  5.0000000000000000e-01  1.7333333333333334e-01  1.0000000000000000e+00
48    5.0000000000000000e-01  0.0000000000000000e+00  0.0000000000000000e+00  1.0000000000000000e+00
49    5.0000000000000000e-01  0.0000000000000000e+00  0.0000000000000000e+00  1.0000000000000000e+00
50    5.8333333333333326e-01  0.0000000000000000e+00  8.6666666666666684e-02  1.0000000000000000e+00
51    7.5000000000000000e-01  0.0000000000000000e+00  2.6000000000000001e-01  1.0000000000000000e+00
52    4.9999999999999867e-01  1.6666666666666669e-01  0.0000000000000000e+00  1.0000000000000000e+00
53    4.9999999999999867e-01  1.6666666666666669e-01  0.0000000000000000e+00  1.0000000000000000e+00
54    5.8333333333333204e-01  1.6666666666666669e-01  8.6666666666666697e-02  1.0000000000000000e+00
55    7.4999999999999867e-01  1.6666666666666669e-01  2.6000000000000001e-01  1.0000000000000000e+00
56    4.9999999999999867e-01  3.3333333333333337e-01  0.0000000000000000e+00  1.0000000000000000e+00
57    4.9999999999999867e-01  3.3333333333333337e-01  0.0000000000000000e+00  1.0000000000000000e+00
58    5.8333333333333204e-01  3.3333333333333337e-01  8.6666666666666684e-02  1.0000000000000000e+00
59    7.4999999999999867e-01  3.3333333333333337e-01  2.6000000000000001e-01  1.0000000000000000e+00
60    5.0000000000000000e-01  5.0000000000000000e-01  0.0000000000000000e+00  1.0000000000000000e+00
61    5.0000000000000000e-01  5.0000000000000000e-01  0.0000000000000000e+00  1.0000000000000000e+00
62    5.8333333333333326e-01  5.0000000000000000e-01  8.6666666666666684e-02  1.0000000000000000e+00
63    7.5000000000000000e-01  5.0000000000000000e-01  2.6000000000000001e-01  1.0000000000000000e+00
64    5.0000000000000000e-01  0.0000000000000000e+00  0.0000000000000000e+00  1.0000000000000000e+00
65    5.0000000000000000e-01  0.0000000000000000e+00  0.0000000000000000e+00  1.0000000000000000e+00
66    5.5555555555555558e-01  0.0000000000000000e+00  8.6666666666666697e-02  1.0000000000000000e+00
67    6.6666666666666674e-01  0.0000000000000000e+00  2.6000000000000001e-01  1.0000000000000000e+00
68    4.9999999999999867e-01  1.6666666666666669e-01  0.0000000000000000e+00  1.0000000000000000e+00
69    4.9999999999999867e-01  1.6666666666666669e-01  0.0000000000000000e+00  1.0000000000000000e+00
70    5.5555555555555436e-01  1.6666666666666669e-01  8.6666666666666697e-02  1.0000000000000000e+00
71    6.6666666666666541e-01  1.6666666666666669e-01  2.6000000000000001e-01  1.0000000000000000e+00
72    4.9999999999999867e-01  3.3333333333333337e-01  0.0000000000000000e+00  1.0000000000000000e+00
73    4.9999999999999867e-01  3.3333333333333337e-01  0.0000000000000000e+00  1.0000000000000000e+00
74    5.5555555555555425e-01  3.3333333333333337e-01  8.6666666666666697e-02  1.0000000000000000e+00
75    6.6666666666666541e-01  3.3333333333333337e-01  2.6000000000000001e-01  1.0000000000000000e+00
76    5.0000000000000000e-01  5.0000000000000000e-01  0.0000000000000000e+00  1.0000000000000000e+00
77    5.0000000000000000e-01  5.0000000000000000e-01  0.0000000000000000e+00  1.0000000000000000e+00
78    5.5555555555555558e-01  5.0000000000000000e-01  8.6666666666666697e-02  1.0000000000000000e+00
79    6.6666666666666674e-01  5.0000000000000000e-01  2.6000000000000001e-01  1.0000000000000000e+00
80    5.0000000000000000e-01  0.0000000000000000e+00  0.0000000000000000e+00  1.0000000000000000e+00
81    5.0000000000000000e-01  0.0000000000000000e+00  0.0000000000000000e+00  1.0000000000000000e+00
82    5.2777777777777790e-01  0.0000000000000000e+00  8.6666666666666684e-02  1.0000000000000000e+00
83    5.8333333333333326e-01  0.0000000000000000e+00  2.6000000000000001e-01  1.0000000000000000e+00
84    4.9999999999999867e-01  1.6666666666666669e-01  0.0000000000000000e+00  1.0000000000000000e+00
85    4.9999999999999867e-01  1.6666666666666669e-01  0.0000000000000000e+00  1.0000000000000000e+00
86    5.2777777777777657e-01  1.6666666666666669e-01  8.6666666666666697e-02  1.0000000000000000e+00
87    5.8333333333333193e-01  1.6666666666666669e-01  2.6000000000000001e-01  1.0000000000000000e+00
88    4.9999999999999867e-01  3.3333333333333337e-01  0.0000000000000000e+00  1.0000000000000000e+00
89    4.9999999999999867e-01  3.3333333333333337e-01  0.0000000000000000e+00  1.0000000000000000e+00
90    5.2777777777777635e-01  3.3333333333333337e-01  8.6666666666666684e-02  1.0000000000000000e+00
91    5.8333333333333193e-01  3.3333333333333337e-01  2.6000000000000001e-01  1.0000000000000000e+00
92    5.0000000000000000e-01  5.0000000000000000e-01  0.0000000000000000e+00  1.0000000000000000e+00
93    5.0000000000000000e-01  5.0000000000000000e-01  0.0000000000000000e+00  1.0000000000000000e+00
94    5.2777777777777790e-01  5.0000000000000000e-01  8.6666666666666684e-02  1.0000000000000000e+00
95    5.8333333333333326e-01  5.0000000000000000e-01  2.6000000000000001e-01  1.0000000000000000e+00
96    5.0000000000000000e-01  0.0000000000000000e+00  0.0000000000000000e+00  1.0000000000000000e+00
97    5.0000000000000000e-01  0.0000000000000000e+00  0.0000000000000000e+00  1.0000000000000000e+00
98    5.0000000000000000e-01  0.0000000000000000e+00  8.6666666666666684e-02  1.0000000000000000e+00
99    5.0000000000000000e-01  0.0000000000000000e+00  2.6000000000000001e-01  1.0000000000000000e+00
100   4.9999999999999867e-01  1.6666666666666669e-01  0.0000000000000000e+00  1.0000000000000000e+00
101   4.9999999999999867e-01  1.6666666666666669e-01  0.0000000000000000e+00  1.0000000000000000e+00
102   4.9999999999999867e-01  1.6666666666666669e-01  8.6666666666666697e-02  1.0000000000000000e+00
103   4.9999999999999867e-01  1.6666666666666669e-01  2.6000000000000001e-01  1.0000000000000000e+00
104   4.9999999999999867e-01  3.3333333333333337e-01  0.0000000000000000e+00  1.0000000000000000e+00
105   4.9999999999999867e-01  3.3333333333333337e-01  0.0000000000000000e+00  1.0000000000000000e+00
106   4.9999999999999867e-01  3.3333333333333337e-01  8.6666666666666684e-02  1.0000000000000000e+00
107   4.9999999999999867e-01  3.3333333333333337e-01  2.6000000000000001e-01  1.0000000000000000e+00
108   5.0000000000000000e-01  5.0000000000000000e-01  0.0000000000000000e+00  1.0000000000000000e+00
109   5.0000000000000000e-01  5.0000000000000000e-01  0.0000000000000000e+00  1.0000000000000000e+00
110   5.0000000000000000e-01  5.0000000000000000e-01  8.6666666666666684e-02  1.0000000000000000e+00
111   5.0000000000000000e-01  5.0000000000000000e-01  2.6000000000000001e-01  1.0000000000000000e+00
112   5.0000000000000000e-01  0.0000000000000000e+00  0.0000000000000000e+00  1.0000000000000000e+00
113   5.0000000000000000e-01  0.0000000000000000e+00  0.0000000000000000e+00  1.0000000000000000e+00
114   4.7222222222222221e-01  0.0000000000000000e+00  8.6666666666666697e-02  1.0000000000000000e+00
115   4.1666666666666663e-01  0.0000000000000000e+00  2.6000000000000001e-01  1.0000000000000000e+00
116   4.9999999999999867e-01  1.6666666666666669e-01  0.0000000000000000e+00  1.0000000000000000e+00
117   4.9999999999999867e-01  1.6666666666666669e-01  0.0000000000000000e+00  1.0000000000000000e+00
118   4.7222222222222099e-01  1.6666666666666669e-01  8.6666666666666697e-02  1.0000000000000000e+00
119   4.1666666666666535e-01  1.6666666666666669e-01  2.6000000000000001e-01  1.0000000000000000e+00
120   4.9999999999999867e-01  3.3333333333333337e-01  0.0000000000000000e+00  1.0000000000000000e+00
121   4.9999999999999867e-01  3.3333333333333337e-01  0.0000000000000000e+00  1.0000000000000000e+00
122   4.7222222222222088e-01  3.3333333333333337e-01  8.6666666666666697e-02  1.0000000000000000e+00
123   4.1666666666666535e-01  3.3333333333333337e-01  2.6000000000000001e-01  1.0000000000000000e+00
124   5.0000000000000000e-01  5.0000000000000000e-01  0.0000000000000000e+00  1.0000000000000000e+00
125   5.0000000000000000e-01  5.0000000000000000e-01  0.0000000000000000e+00  1.0000000000000000e+00
126   4.7222222222222221e-01  5.0000000000000000e-01  8.6666666666666697e-02  1.0000000000000000e+00
127   4.1666666666666663e-01  5.0000000000000000e-01  2.6000000000000001e-01  1.0000000000000000e+00
128   5.0000000000000000e-01  0.0000000000000000e+00  0.0000000000000000e+00  1.0000000000000000e+00
129   5.0000000000000000e-01  0.0000000000000000e+00  0.0000000000000000e+00  1.0000000000000000e+00
130   4.4444444444444442e-01  0.0000000000000000e+00  8.6666666666666684e-02  1.0000000000000000e+00
131   3.3333333333333337e-01  0.0000000000000000e+00  2.6000000000000001e-01  1.0000000000000000e+00
132   4.9999999999999867e-01  1.6666666666666669e-01  0.0000000000000000e+00  1.0000000000000000e+00
133   4.9999999999999867e-01  1.6666666666666669e-01  0.0000000000000000e+00  1.0000000000000000e+00
134   4.4444444444444314e-01  1.6666666666666669e-01  8.6666666666666697e-02  1.0000000000000000e+00
135   3.3333333333333204e-01  1.6666666666666669e-01  2.6000000000000001e-01  1.0000000000000000e+00
136   4.9999999999999867e-01  3.3333333333333337e-01  0.0000000000000000e+00  1.0000000000000000e+00
137   4.9999999999999867e-01  3.3333333333333337e-01  0.0000000000000000e+00  1.0000000000000000e+00
138   4.4444444444444309e-01  3.3333333333333337e-01  8.6666666666666684e-02  1.0000000000000000e+00
139   3.3333333333333204e-01  3.3333333333333337e-01  2.6000000000000001e-01  1.0000000000000000e+00
140   5.0000000000000000e-01  5.0000000000000000e-01  0.0000000000000000e+00  1.0000000000000000e+00
141   5.0000000000000000e-01  5.0000000000000000e-01  0.0000000000000000e+00  1.0000000000000000e+00
142   4.4444444444444442e-01  5.0000000000000000e-01  8.6666666666666684e-02  1.0000000000000000e+00
143   3.3333333333333337e-01  5.0000000000000000e-01  2.6000000000000001e-01  1.0000000000000000e+00
144   5.0000000000000000e-01  0.0000000000000000e+00  0.0000000000000000e+00  1.0000000000000000e+00
145   5.0000000000000000e-01  0.0000000000000000e+00  0.0000000000000000e+00  1.0000000000000000e+00
146   4.1666666666666663e-01  0.0000000000000000e+00  8.6666666666666684e-02  1.0000000000000000e+00
147   2.5000000000000000e-01  0.0000000000000000e+00  2.6000000000000001e-01  1.0000000000000000e+00
148   4.9999999999999867e-01  1.6666666666666669e-01  0.0000000000000000e+00  1.0000000000000000e+00
149   4.9999999999999867e-01  1.6666666666666669e-01  0.0000000000000000e+00  1.0000000000000000e+00
150   4.1666666666666530e-01  1.6666666666666669e-01  8.6666666666666697e-02  1.0000000000000000e+00
151   2.4999999999999867e-01  1.6666666666666669e-01  2.6000000000000001e-01  1.0000000000000000e+00
152   4.9999999999999867e-01  3.3333333333333337e-01  0.0000000000000000e+00  1.0000000000000000e+00
153   4.9999999999999867e-01  3.3333333333333337e-01  0.0000000000000000e+00  1.0000000000000000e+00
154   4.1666666666666530e-01  3.3333333333333337e-01  8.6666666666666684e-02  1.0000000000000000e+00
155   2.4999999999999867e-01  3.3333333333333337e-01  2.6000000000000001e-01  1.0000000000000000e+00
156   5.0000000000000000e-01  5.0000000000000000e-01  0.0000000000000000e+00  1.0000000000000000e+00
157   5.0000000000000000e-01  5.0000000000000000e-01  0.0000000000000000e+00  1.0000000000000000e+00
158   4.1666666666666663e-01  5.0000000000000000e-01  8.6666666666666684e-02  1.0000000000000000e+00
159   2.5000000000000000e-01  5.0000000000000000e-01  2.6000000000000001e-01  1.0000000000000000e+00
160   5.0000000000000000e-01  0.0000000000000000e+00  0.0000000000000000e+00  1.0000000000000000e+00
161   5.0000000000000000e-01  0.0000000000000000e+00  0.0000000000000000e+00  1.0000000000000000e+00
162   4.1666666666666663e-01  0.0000000000000000e+00  5.7777777777777789e-02  1.0000000000000000e+00
163   2.5000000000000000e-01  0.0000000000000000e+00  1.7333333333333334e-01  1.0000000000000000e+00
164   4.9999999999999867e-01  1.6666666666666669e-01  0.0000000000000000e+00  1.0000000000000000e+00
165   4.9999999999999867e-01  1.6666666666666669e-01  0.0000000000000000e+00  1.0000000000000000e+00
166   4.1666666666666530e-01  1.6666666666666669e-01  5.7777777777777803e-02  1.0000000000000000e+00
167   2.4999999999999867e-01  1.6666666666666669e-01  1.7333333333333334e-01  1.0000000000000000e+00
168   4.9999999999999867e-01  3.3333333333333337e-01  0.0000000000000000e+00  1.0000000000000000e+00
169   4.9999999999999867e-01  3.3333333333333337e-01  0.0000000000000000e+00  1.0000000000000000e+00
170   4.1666666666666530e-01  3.3333333333333337e-01  5.7777777777777789e-02  1.0000000000000000e+00
171   2.4999999999999867e-01  3.3333333333333337e-01  1.7333333333333334e-01  1.0000000000000000e+00
172   5.0000000000000000e-01  5.0000000000000000e-01  0.0000000000000000e+00  1.0000000000000000e+00
173   5.0000000000000000e-01  5.0000000000000000e-01  0.0000000000000000e+00  1.0000000000000000e+00
174   4.1666666666666663e-01  5.0000000000000000e-01  5.7777777777777789e-02  1.0000000000000000e+00
175   2.5000000000000000e-01  5.0000000000000000e-01  1.7333333333333334e-01  1.0000000000000000e+00
176   5.0000000000000000e-01  0.0000000000000000e+00  0.0000000000000000e+00  1.0000000000000000e+00
177   5.0000000000000000e-01  0.0000000000000000e+00  0.0000000000000000e+00  1.0000000000000000e+00
178   4.1666666666666663e-01  0.0000000000000000e+00  2.8888888888888895e-02  1.0000000000000000e+00
179   2.5000000000000000e-01  0.0000000000000000e+00  8.6666666666666670e-02  1.0000000000000000e+00
180   4.9999999999999867e-01  1.6666666666666669e-01  0.0000000000000000e+00  1.0000000000000000e+00
181   4.9999999999999867e-01  1.6666666666666669e-01  0.0000000000000000e+00  1.0000000000000000e+00
182   4.1666666666666530e-01  1.6666666666666669e-01  2.8888888888888898e-02  1.0000000000000000e+00
183   2.4999999999999867e-01  1.6666666666666669e-01  8.6666666666666670e-02  1.0000000000000000e+00
184   4.9999999999999867e-01  3.3333333333333337e-01  0.0000000000000000e+00  1.0000000000000000e+00
185   4.9999999999999867e-01  3.3333333333333337e-01  0.0000000000000000e+00  1.0000000000000000e+00
186   4.1666666666666530e-01  3.3333333333333337e-01  2.8888888888888895e-02  1.0000000000000000e+00
187   2.4999999999999867e-01  3.3333333333333337e-01  8.6666666666666670e-02  1.0000000000000000e+00
188   5.0000000000000000e-01  5.0000000000000000e-01  0.0000000000000000e+00  1.0000000000000000e+00
189   5.0000000000000000e-01  5.0000000000000000e-01  0.0000000000000000e+00  1.0000000000000000e+00
190   4.1666666666666663e-01  5.0000000000000000e-01  2.8888888888888895e-02  1.0000000000000000e+00
191   2.5000000000000000e-01  5.0000000000000000e-01  8.6666666666666670e-02  1.0000000000000000e+00
192   5.0000000000000000e-01  0.0000000000000000e+00  0.0000000000000000e+00  1.0000000000000000e+00
193   5.0000000000000000e-01  0.0000000000000000e+00  0.0000000000000000e+00  1.0000000000000000e+00
194   4.1666666666666663e-01  0.0000000000000000e+00  0.0000000000000000e+00  1.0000000000000000e+00
195   2.5000000000000000e-01  0.0000000000000000e+00  0.0000000000000000e+00  1.0000000000000000e+00
196   4.9999999999999867e-01  1.6666666666666669e-01  0.0000000000000000e+00  1.0000000000000000e+00
197   4.9999999999999867e-01  1.6666666666666669e-01  0.0000000000000000e+00  1.0000000000000000e+00
198   4.1666666666666530e-01  1.6666666666666669e-01  0.0000000000000000e+00  1.0000000000000000e+00
199   2.4999999999999867e-01  1.6666666666666669e-01  0.0000000000000000e+00  1.0000000000000000e+00
200   4.9999999999999867e-01  3.3333333333333337e-01  0.0000000000000000e+00  1.0000000000000000e+00
201   4.9999999999999867e-01  3.3333333333333337e-01  0.0000000000000000e+00  1.0000000000000000e+00
202   4.1666666666666530e-01  3.3333333333333337e-01  0.0000000000000000e+00  1.0000000000000000e+00
203   2.4999999999999867e-01  3.3333333333333337e-01  0.0000000000000000e+00  1.0000000000000000e+00
204   5.0000000000000000e-01  5.0000000000000000e-01  0.0000000000000000e+00  1.0000000000000000e+00
205   5.0000000000000000e-01  5.0000000000000000e-01  0.0000000000000000e+00  1.0000000000000000e+00
206   4.1666666666666663e-01  5.0000000000000000e-01  0.0000000000000000e+00  1.0000000000000000e+00
207   2.5000000000000000e-01  5.0000000000000000e-01  0.0000000000000000e+00  1.0000000000000000e+00
208   1.5000000000000002e+00  0.0000000000000000e+00  0.0000000000000000e+00  1.0000000000000000e+00
209   2.2500000000000000e+00  0.0000000000000000e+00  0.0000000000000000e+00  1.0000000000000000e+00
210   3.0000000000000000e+00  0.0000000000000000e+00  0.0000000000000000e+00  1.0000000000000000e+00
211   1.4999999999999998e+00  1.6666666666666669e-01  0.0000000000000000e+00  1.0000000000000000e+00
212   2.2500000000000000e+00  1.6666666666666669e-01  0.0000000000000000e+00  1.0000000000000000e+00
213   3.0000000000000000e+00  1.6666666666666669e-01  0.0000000000000000e+00  1.0000000000000000e+00
214   1.4999999999999998e+00  3.3333333333333337e-01  0.0000000000000000e+00  1.0000000000000000e+00
215   2.2500000000000000e+00  3.3333333333333337e-01  0.0000000000000000e+00  1.0000000000000000e+00
216   3.0000000000000000e+00  3.3333333333333337e-01  0.0000000000000000e+00  1.0000000000000000e+00
217   1.5000000000000002e+00  5.0000000000000000e-01  0.0000000000000000e+00  1.0000000000000000e+00
218   2.2500000000000000e+00  5.0000000000000000e-01  0.0000000000000000e+00  1.0000000000000000e+00
219   3.0000000000000000e+00  5.0000000000000000e-01  0.0000000000000000e+00  1.0000000000000000e+00
220   1.5000000000000002e+00  0.0000000000000000e+00  8.6666666666666684e-02  1.0000000000000000e+00
221   2.2500000000000000e+00  0.0000000000000000e+00  8.6666666666666684e-02  1.0000000000000000e+00
222   3.0000000000000000e+00  0.0000000000000000e+00  8.6666666666666684e-02  1.0000000000000000e+00
223   1.5000000000000000e+00  1.6666666666666669e-01  8.6666666666666684e-02  1.0000000000000000e+00
224   2.2500000000000000e+00  1.6666666666666669e-01  8.6666666666666684e-02  1.0000000000000000e+00
225   3.0000000000000000e+00  1.6666666666666669e-01  8.6666666666666684e-02  1.0000000000000000e+00
226   1.5000000000000000e+00  3.3333333333333337e-01  8.6666666666666684e-02  1.0000000000000000e+00
227   2.2500000000000000e+00  3.3333333333333337e-01  8.6666666666666684e-02  1.0000000000000000e+00
228   3.0000000000000000e+00  3.3333333333333337e-01  8.6666666666666684e-02  1.0000000000000000e+00
229   1.5000000000000002e+00  5.0000000000000000e-01  8.6666666666666684e-02  1.0000000000000000e+00
230   2.2500000000000000e+00  5.0000000000000000e-01  8.6666666666666684e-02  1.0000000000000000e+00
231   3.0000000000000000e+00  5.0000000000000000e-01  8.6666666666666684e-02  1.0000000000000000e+00
232   1.5000000000000000e+00  0.0000000000000000e+00  1.7333333333333334e-01  1.0000000000000000e+00
233   2.2500000000000000e+00  0.0000000000000000e+00  1.7333333333333334e-01  1.0000000000000000e+00
234   3.0000000000000000e+00  0.0000000000000000e+00  1.7333333333333334e-01  1.0000000000000000e+00
235   1.4999999999999998e+00  1.6666666666666669e-01  1.7333333333333334e-01  1.0000000000000000e+00
236   2.2500000000000000e+00  1.6666666666666669e-01  1.7333333333333334e-01  1.0000000000000000e+00
237   3.0000000000000000e+00  1.6666666666666669e-01  1.7333333333333334e-01  1.0000000000000000e+00
238   1.4999999999999998e+00  3.3333333333333337e-01  1.7333333333333334e-01  1.0000000000000000e+00
239   2.2500000000000000e+00  3.3333333333333337e-01  1.7333333333333334e-01  1.0000000000000000e+00
240   3.0000000000000000e+00  3.3333333333333337e-01  1.7333333333333334e-01  1.0000000000000000e+00
241   1.5000000000000000e+00  5.0000000000000000e-01  1.7333333333333334e-01  1.0000000000000000e+00
242   2.2500000000000000e+00  5.0000000000000000e-01  1.7333333333333334e-01  1.0000000000000000e+00
243   3.0000000000000000e+00  5.0000000000000000e-01  1.7333333333333334e-01  1.0000000000000000e+00
244   1.5000000000000002e+00  0.0000000000000000e+00  2.6000000000000001e-01  1.0000000000000000e+00
245   2.2500000000000000e+00  0.0000000000000000e+00  2.6000000000000001e-01  1.0000000000000000e+00
246   3.0000000000000000e+00  0.0000000000000000e+00  2.6000000000000001e-01  1.0000000000000000e+00
247   1.4999999999999998e+00  1.6666666666666669e-01  2.6000000000000001e-01  1.0000000000000000e+00
248   2.2500000000000000e+00  1.6666666666666669e-01  2.6000000000000001e-01  1.0000000000000000e+00
249   3.0000000000000000e+00  1.6666666666666669e-01  2.6000000000000001e-01  1.0000000000000000e+00
250   1.4999999999999998e+00  3.3333333333333337e-01  2.6000000000000001e-01  1.0000000000000000e+00
251   2.2500000000000000e+00  3.3333333333333337e-01  2.6000000000000001e-01  1.0000000000000000e+00
252   3.0000000000000000e+00  3.3333333333333337e-01  2.6000000000000001e-01  1.0000000000000000e+00
253   1.5000000000000002e+00  5.0000000000000000e-01  2.6000000000000001e-01  1.0000000000000000e+00
254   2.2500000000000000e+00  5.0000000000000000e-01  2.6000000000000001e-01  1.0000000000000000e+00
255   3.0000000000000000e+00  5.0000000000000000e-01  2.6000000000000001e-01  1.0000000000000000e+00
256   7.5000000000000000e-01  0.0000000000000000e+00  1.1733333333333333e+00  1.0000000000000000e+00
257   1.5000000000000002e+00  0.0000000000000000e+00  1.1733333333333333e+00  1.0000000000000000e+00
258   2.2500000000000000e+00  0.0000000000000000e+00  1.1733333333333333e+00  1.0000000000000000e+00
259   3.0000000000000000e+00  0.0000000000000000e+00  1.1733333333333333e+00  1.0000000000000000e+00
260   7.4999999999999867e-01  1.6666666666666669e-01  1.1733333333333333e+00  1.0000000000000000e+00
261   1.5000000000000000e+00  1.6666666666666669e-01  1.1733333333333333e+00  1.0000000000000000e+00
262   2.2500000000000000e+00  1.6666666666666669e-01  1.1733333333333333e+00  1.0000000000000000e+00
263   3.0000000000000000e+00  1.6666666666666669e-01  1.1733333333333333e+00  1.0000000000000000e+00
264   7.4999999999999867e-01  3.3333333333333337e-01  1.1733333333333333e+00  1.0000000000000000e+00
265   1.5000000000000000e+00  3.3333333333333337e-01  1.1733333333333333e+00  1.0000000000000000e+00
266   2.2500000000000000e+00  3.3333333333333337e-01  1.1733333333333333e+00  1.0000000000000000e+00
267   3.0000000000000000e+00  3.3333333333333337e-01  1.1733333333333333e+00  1.0000000000000000e+00
268   7.5000000000000000e-01  5.0000000000000000e-01  1.1733333333333333e+00  1.0000000000000000e+00
269   1.5000000000000002e+00  5.0000000000000000e-01  1.1733333333333333e+00  1.0000000000000000e+00
270   2.2500000000000000e+00  5.0000000000000000e-01  1.1733333333333333e+00  1.0000000000000000e+00
271   3.0000000000000000e+00  5.0000000000000000e-01  1.1733333333333333e+00  1.0000000000000000e+00
272   7.5000000000000000e-01  0.0000000000000000e+00  2.0866666666666664e+00  1.0000000000000000e+00
273   1.5000000000000000e+00  0.0000000000000000e+00  2.0866666666666664e+00  1.0000000000000000e+00
274   2.2500000000000000e+00  0.0000000000000000e+00  2.0866666666666664e+00  1.0000000000000000e+00
275   3.0000000000000000e+00  0.0000000000000000e+00  2.0866666666666664e+00  1.0000000000000000e+00
276   7.4999999999999867e-01  1.6666666666666669e-01  2.0866666666666664e+00  1.0000000000000000e+00
277   1.4999999999999998e+00  1.6666666666666669e-01  2.0866666666666664e+00  1.0000000000000000e+00
278   2.2500000000000000e+00  1.6666666666666669e-01  2.0866666666666664e+00  1.0000000000000000e+00
279   3.0000000000000000e+00  1.6666666666666669e-01  2.0866666666666664e+00  1.0000000000000000e+00
280   7.4999999999999867e-01  3.3333333333333337e-01  2.0866666666666664e+00  1.0000000000000000e+00
281   1.4999999999999998e+00  3.3333333333333337e-01  2.0866666666666664e+00  1.0000000000000000e+00
282   2.2500000000000000e+00  3.3333333333333337e-01  2.0866666666666664e+00  1.0000000000000000e+00
283   3.0000000000000000e+00  3.3333333333333337e-01  2.0866666666666664e+00  1.0000000000000000e+00
284   7.5000000000000000e-01  5.0000000000000000e-01  2.0866666666666664e+00  1.0000000000000000e+00
285   1.5000000000000000e+00  5.0000000000000000e-01  2.0866666666666664e+00  1.0000000000000000e+00
286   2.2500000000000000e+00  5.0000000000000000e-01  2.0866666666666664e+00  1.0000000000000000e+00
287   3.0000000000000000e+00  5.0000000000000000e-01  2.0866666666666664e+00  1.0000000000000000e+00
288   7.5000000000000000e-01  0.0000000000000000e+00  3.0000000000000000e+00  1.0000000000000000e+00
289   1.5000000000000002e+00  0.0000000000000000e+00  3.0000000000000000e+00  1.0000000000000000e+00
290   2.2500000000000000e+00  0.0000000000000000e+00  3.0000000000000000e+00  1.0000000000000000e+00
291   3.0000000000000000e+00  0.0000000000000000e+00  3.0000000000000000e+00  1.0000000000000000e+00
292   7.4999999999999867e-01  1.6666666666666669e-01  3.0000000000000000e+00  1.0000000000000000e+00
293   1.4999999999999998e+00  1.6666666666666669e-01  3.0000000000000000e+00  1.0000000000000000e+00
294   2.2500000000000000e+00  1.6666666666666669e-01  3.0000000000000000e+00  1.0000000000000000e+00
295   3.0000000000000000e+00  1.6666666666666669e-01  3.0000000000000000e+00  1.0000000000000000e+00
296   7.4999999999999867e-01  3.3333333333333337e-01  3.0000000000000000e+00  1.0000000000000000e+00
297   1.4999999999999998e+00  3.3333333333333337e-01  3.0000000000000000e+00  1.0000000000000000e+00
298   2.2500000000000000e+00  3.3333333333333337e-01  3.0000000000000000e+00  1.0000000000000000e+00
299   3.0000000000000000e+00  3.3333333333333337e-01  3.0000000000000000e+00  1.0000000000000000e+00
300   7.5000000000000000e-01  5.0000000000000000e-01  3.0000000000000000e+00  1.0000000000000000e+00
301   1.5000000000000002e+00  5.0000000000000000e-01  3.0000000000000000e+00  1.0000000000000000e+00
302   2.2500000000000000e+00  5.0000000000000000e-01  3.0000000000000000e+00  1.0000000000000000e+00
303   3.0000000000000000e+00  5.0000000000000000e-01  3.0000000000000000e+00  1.0000000000000000e+00
304   5.0000000000000000e-01  0.0000000000000000e+00  1.1733333333333333e+00  1.0000000000000000e+00
305   5.8333333333333337e-01  0.0000000000000000e+00  1.1733333333333333e+00  1.0000000000000000e+00
306   6.6666666666666674e-01  0.0000000000000000e+00  1.1733333333333333e+00  1.0000000000000000e+00
307   4.9999999999999867e-01  1.6666666666666669e-01  1.1733333333333333e+00  1.0000000000000000e+00
308   5.8333333333333204e-01  1.6666666666666669e-01  1.1733333333333333e+00  1.0000000000000000e+00
309   6.6666666666666541e-01  1.6666666666666669e-01  1.1733333333333333e+00  1.0000000000000000e+00
310   4.9999999999999867e-01  3.3333333333333337e-01  1.1733333333333333e+00  1.0000000000000000e+00
311   5.8333333333333204e-01  3.3333333333333337e-01  1.1733333333333333e+00  1.0000000000000000e+00
312   6.6666666666666541e-01  3.3333333333333337e-01  1.1733333333333333e+00  1.0000000000000000e+00
313   5.0000000000000000e-01  5.0000000000000000e-01  1.1733333333333333e+00  1.0000000000000000e+00
314   5.8333333333333337e-01  5.0000000000000000e-01  1.1733333333333333e+00  1.0000000000000000e+00
315   6.6666666666666674e-01  5.0000000000000000e-01  1.1733333333333333e+00  1.0000000000000000e+00
316   5.0000000000000000e-01  0.0000000000000000e+00  2.0866666666666664e+00  1.0000000000000000e+00
317   5.8333333333333337e-01  0.0000000000000000e+00  2.0866666666666664e+00  1.0000000000000000e+00
318   6.6666666666666663e-01  0.0000000000000000e+00  2.0866666666666664e+00  1.0000000000000000e+00
319   4.9999999999999867e-01  1.6666666666666669e-01  2.0866666666666664e+00  1.0000000000000000e+00
320   5.8333333333333204e-01  1.6666666666666669e-01  2.0866666666666664e+00  1.0000000000000000e+00
321   6.6666666666666541e-01  1.6666666666666669e-01  2.0866666666666664e+00  1.0000000000000000e+00
322   4.9999999999999867e-01  3.3333333333333337e-01  2.0866666666666664e+00  1.0000000000000000e+00
323   5.8333333333333204e-01  3.3333333333333337e-01  2.0866666666666664e+00  1.0000000000000000e+00
324   6.6666666666666530e-01  3.3333333333333337e-01  2.0866666666666664e+00  1.0000000000000000e+00
325   5.0000000000000000e-01  5.0000000000000000e-01  2.0866666666666664e+00  1.0000000000000000e+00
326   5.8333333333333337e-01  5.0000000000000000e-01  2.0866666666666664e+00  1.0000000000000000e+00
327   6.6666666666666663e-01  5.0000000000000000e-01  2.0866666666666664e+00  1.0000000000000000e+00
328   5.0000000000000000e-01  0.0000000000000000e+00  3.0000000000000000e+00  1.0000000000000000e+00
329   5.8333333333333337e-01  0.0000000000000000e+00  3.0000000000000000e+00  1.0000000000000000e+00
330   6.6666666666666663e-01  0.0000000000000000e+00  3.0000000000000000e+00  1.0000000000000000e+00
331   4.9999999999999867e-01  1.6666666666666669e-01  3.0000000000000000e+00  1.0000000000000000e+00
332   5.8333333333333204e-01  1.6666666666666669e-01  3.0000000000000000e+00  1.0000000000000000e+00
333   6.6666666666666541e-01  1.6666666666666669e-01  3.0000000000000000e+00  1.0000000000000000e+00
334   4.9999999999999867e-01  3.3333333333333337e-01  3.0000000000000000e+00  1.0000000000000000e+00
335   5.8333333333333204e-01  3.3333333333333337e-01  3.0000000000000000e+00  1.0000000000000000e+00
336   6.6666666666666530e-01  3.3333333333333337e-01  3.0000000000000000e+00  1.0000000000000000e+00
337   5.0000000000000000e-01  5.0000000000000000e-01  3.0000000000000000e+00  1.0000000000000000e+00
338   5.8333333333333337e-01  5.0000000000000000e-01  3.0000000000000000e+00  1.0000000000000000e+00
339   6.6666666666666663e-01  5.0000000000000000e-01  3.0000000000000000e+00  1.0000000000000000e+00
340   2.5000000000000000e-01  0.0000000000000000e+00  1.1733333333333333e+00  1.0000000000000000e+00
341   3.3333333333333337e-01  0.0000000000000000e+00  1.1733333333333333e+00  1.0000000000000000e+00
342   4.1666666666666674e-01  0.0000000000000000e+00  1.1733333333333333e+00  1.0000000000000000e+00
343   2.4999999999999867e-01  1.6666666666666669e-01  1.1733333333333333e+00  1.0000000000000000e+00
344   3.3333333333333204e-01  1.6666666666666669e-01  1.1733333333333333e+00  1.0000000000000000e+00
345   4.1666666666666541e-01  1.6666666666666669e-01  1.1733333333333333e+00  1.0000000000000000e+00
346   2.4999999999999867e-01  3.3333333333333337e-01  1.1733333333333333e+00  1.0000000000000000e+00
347   3.3333333333333204e-01  3.3333333333333337e-01  1.1733333333333333e+00  1.0000000000000000e+00
348   4.1666666666666541e-01  3.3333333333333337e-01  1.1733333333333333e+00  1.0000000000000000e+00
349   2.5000000000000000e-01  5.0000000000000000e-01  1.1733333333333333e+00  1.0000000000000000e+00
350   3.3333333333333337e-01  5.0000000000000000e-01  1.1733333333333333e+00  1.0000000000000000e+00
351   4.1666666666666674e-01  5.0000000000000000e-01  1.1733333333333333e+00  1.0000000000000000e+00
352   2.5000000000000000e-01  0.0000000000000000e+00  2.0866666666666664e+00  1.0000000000000000e+00
353   3.3333333333333331e-01  0.0000000000000000e+00  2.0866666666666664e+00  1.0000000000000000e+00
354   4.1666666666666674e-01  0.0000000000000000e+00  2.0866666666666664e+00  1.0000000000000000e+00
355   2.4999999999999867e-01  1.6666666666666669e-01  2.0866666666666664e+00  1.0000000000000000e+00
356   3.3333333333333204e-01  1.6666666666666669e-01  2.0866666666666664e+00  1.0000000000000000e+00
357   4.1666666666666541e-01  1.6666666666666669e-01  2.0866666666666664e+00  1.0000000000000000e+00
358   2.4999999999999867e-01  3.3333333333333337e-01  2.0866666666666664e+00  1.0000000000000000e+00
359   3.3333333333333204e-01  3.3333333333333337e-01  2.0866666666666664e+00  1.0000000000000000e+00
360   4.1666666666666541e-01  3.3333333333333337e-01  2.0866666666666664e+00  1.0000000000000000e+00
361   2.5000000000000000e-01  5.0000000000000000e-01  2.0866666666666664e+00  1.0000000000000000e+00
362   3.3333333333333331e-01  5.0000000000000000e-01  2.0866666666666664e+00  1.0000000000000000e+00
363   4.1666666666666674e-01  5.0000000000000000e-01  2.0866666666666664e+00  1.0000000000000000e+00
364   2.5000000000000000e-01  0.0000000000000000e+00  3.0000000000000000e+00  1.0000000000000000e+00
365   3.3333333333333331e-01  0.0000000000000000e+00  3.0000000000000000e+00  1.0000000000000000e+00
366   4.1666666666666669e-01  0.0000000000000000e+00  3.0000000000000000e+00  1.0000000000000000e+00
367   2.4999999999999867e-01  1.6666666666666669e-01  3.0000000000000000e+00  1.0000000000000000e+00
368   3.3333333333333204e-01  1.6666666666666669e-01  3.0000000000000000e+00  1.0000000000000000e+00
369   4.1666666666666541e-01  1.6666666666666669e-01  3.0000000000000000e+00  1.0000000000000000e+00
370   2.4999999999999867e-01  3.3333333333333337e-01  3.0000000000000000e+00  1.0000000000000000e+00
371   3.3333333333333204e-01  3.3333333333333337e-01  3.0000000000000000e+00  1.0000000000000000e+00
372   4.1666666666666541e-01  3.3333333333333337e-01  3.0000000000000000e+00  1.0000000000000000e+00
373   2.5000000000000000e-01  5.0000000000000000e-01  3.0000000000000000e+00  1.0000000000000000e+00
374   3.3333333333333331e-01  5.0000000000000000e-01  3.0000000000000000e+00  1.0000000000000000e+00
375   4.1666666666666669e-01  5.0000000000000000e-01  3.0000000000000000e+00  1.0000000000000000e+00
376   0.0000000000000000e+00  0.0000000000000000e+00  2.6000000000000001e-01  1.0000000000000000e+00
377   8.3333333333333343e-02  0.0000000000000000e+00  2.6000000000000001e-01  1.0000000000000000e+00
378   1.6666666666666669e-01  0.0000000000000000e+00  2.6000000000000001e-01  1.0000000000000000e+00
379  -1.1842378929335002e-15  1.6666666666666669e-01  2.6000000000000001e-01  1.0000000000000000e+00
380   8.3333333333332066e-02  1.6666666666666669e-01  2.6000000000000001e-01  1.0000000000000000e+00
381   1.6666666666666535e-01  1.6666666666666669e-01  2.6000000000000001e-01  1.0000000000000000e+00
382  -1.1842378929335000e-15  3.3333333333333337e-01  2.6000000000000001e-01  1.0000000000000000e+00
383   8.3333333333332066e-02  3.3333333333333337e-01  2.6000000000000001e-01  1.0000000000000000e+00
384   1.6666666666666535e-01  3.3333333333333337e-01  2.6000000000000001e-01  1.0000000000000000e+00
385   0.0000000000000000e+00  5.0000000000000000e-01  2.6000000000000001e-01  1.0000000000000000e+00
386   8.3333333333333343e-02  5.0000000000000000e-01  2.6000000000000001e-01  1.0000000000000000e+00
387   1.6666666666666669e-01  5.0000000000000000e-01  2.6000000000000001e-01  1.0000000000000000e+00
388  -1.4802973661668736e-16  0.0000000000000000e+00  1.1733333333333333e+00  1.0000000000000000e+00
389   8.3333333333333301e-02  0.0000000000000000e+00  1.1733333333333333e+00  1.0000000000000000e+00
390   1.6666666666666669e-01  0.0000000000000000e+00  1.1733333333333333e+00  1.0000000000000000e+00
391  -1.3322676295501873e-15  1.6666666666666669e-01  1.1733333333333333e+00  1.0000000000000000e+00
392   8.3333333333332010e-02  1.6666666666666669e-01  1.1733333333333333e+00  1.0000000000000000e+00
393   1.6666666666666535e-01  1.6666666666666669e-01  1.1733333333333333e+00  1.0000000000000000e+00
394  -1.3322676295501871e-15  3.3333333333333337e-01  1.1733333333333333e+00  1.0000000000000000e+00
395   8.3333333333332010e-02  3.3333333333333337e-01  1.1733333333333333e+00  1.0000000000000000e+00
396   1.6666666666666535e-01  3.3333333333333337e-01  1.1733333333333333e+00  1.0000000000000000e+00
397  -1.4802973661668736e-16  5.0000000000000000e-01  1.1733333333333333e+00  1.0000000000000000e+00
398   8.3333333333333301e-02  5.0000000000000000e-01  1.1733333333333333e+00  1.0000000000000000e+00
399   1.6666666666666669e-01  5.0000000000000000e-01  1.1733333333333333e+00  1.0000000000000000e+00
400  -2.9605947323337501e-16  0.0000000000000000e+00  2.0866666666666664e+00  1.0000000000000000e+00
401   8.3333333333333245e-02  0.0000000000000000e+00  2.0866666666666664e+00  1.0000000000000000e+00
402   1.6666666666666669e-01  0.0000000000000000e+00  2.0866666666666664e+00  1.0000000000000000e+00
403  -1.4802973661668741e-15  1.6666666666666669e-01  2.0866666666666664e+00  1.0000000000000000e+00
404   8.3333333333331955e-02  1.6666666666666669e-01  2.0866666666666664e+00  1.0000000000000000e+00
405   1.6666666666666535e-01  1.6666666666666669e-01  2.0866666666666664e+00  1.0000000000000000e+00
406  -1.4802973661668737e-15  3.3333333333333337e-01  2.0866666666666664e+00  1.0000000000000000e+00
407   8.3333333333331955e-02  3.3333333333333337e-01  2.0866666666666664e+00  1.0000000000000000e+00
408   1.6666666666666535e-01  3.3333333333333337e-01  2.0866666666666664e+00  1.0000000000000000e+00
409  -2.9605947323337501e-16  5.0000000000000000e-01  2.0866666666666664e+00  1.0000000000000000e+00
410   8.3333333333333245e-02  5.0000000000000000e-01  2.0866666666666664e+00  1.0000000000000000e+00
411   1.6666666666666669e-01  5.0000000000000000e-01  2.0866666666666664e+00  1.0000000000000000e+00
412  -4.4408920985006301e-16  0.0000000000000000e+00  3.0000000000000000e+00  1.0000000000000000e+00
413   8.3333333333333190e-02  0.0000000000000000e+00  3.0000000000000000e+00  1.0000000000000000e+00
414   1.6666666666666669e-01  0.0000000000000000e+00  3.0000000000000000e+00  1.0000000000000000e+00
415  -1.6283271027835611e-15  1.6666666666666669e-01  3.0000000000000000e+00  1.0000000000000000e+00
416   8.3333333333331927e-02  1.6666666666666669e-01  3.0000000000000000e+00  1.0000000000000000e+00
417   1.6666666666666535e-01  1.6666666666666669e-01  3.0000000000000000e+00  1.0000000000000000e+00
418  -1.6283271027835609e-15  3.3333333333333337e-01  3.0000000000000000e+00  1.0000000000000000e+00
419   8.3333333333331913e-02  3.3333333333333337e-01  3.0000000000000000e+00  1.0000000000000000e+00
420   1.6666666666666535e-01  3.3333333333333337e-01  3.0000000000000000e+00  1.0000000000000000e+00
421  -4.4408920985006301e-16  5.0000000000000000e-01  3.0000000000000000e+00  1.0000000000000000e+00
422   8.3333333333333190e-02  5.0000000000000000e-01  3.0000000000000000e+00  1.0000000000000000e+00
423   1.6666666666666669e-01  5.0000000000000000e-01  3.0000000000000000e+00  1.0000000000000000e+00
424   0.0000000000000000e+00  0.0000000000000000e+00  0.0000000000000000e+00  1.0000000000000000e+00
425   8.3333333333333343e-02  0.0000000000000000e+00  0.0000000000000000e+00  1.0000000000000000e+00
426   1.6666666666666669e-01  0.0000000000000000e+00  0.0000000000000000e+00  1.0000000000000000e+00
427  -1.1842378929335002e-15  1.6666666666666669e-01  0.0000000000000000e+00  1.0000000000000000e+00
428   8.3333333333332066e-02  1.6666666666666669e-01  0.0000000000000000e+00  1.0000000000000000e+00
429   1.6666666666666535e-01  1.6666666666666669e-01  0.0000000000000000e+00  1.0000000000000000e+00
430  -1.1842378929335000e-15  3.3333333333333337e-01  0.0000000000000000e+00  1.0000000000000000e+00
431   8.3333333333332066e-02  3.3333333333333337e-01  0.0000000000000000e+00  1.0000000000000000e+00
432   1.6666666666666535e-01  3.3333333333333337e-01  0.0000000000000000e+00  1.0000000000000000e+00
433   0.0000000000000000e+00  5.0000000000000000e-01  0.0000000000000000e+00  1.0000000000000000e+00
434   8.3333333333333343e-02  5.0000000000000000e-01  0.0000000000000000e+00  1.0000000000000000e+00
435   1.6666666666666669e-01  5.0000000000000000e-01  0.0000000000000000e+00  1.0000000000000000e+00
436   0.0000000000000000e+00  0.0000000000000000e+00  8.6666666666666684e-02  1.0000000000000000e+00
437   8.3333333333333343e-02  0.0000000000000000e+00  8.6666666666666684e-02  1.0000000000000000e+00
438   1.6666666666666669e-01  0.0000000000000000e+00  8.6666666666666684e-02  1.0000000000000000e+00
439  -1.1842378929335004e-15  1.6666666666666669e-01  8.6666666666666684e-02  1.0000000000000000e+00
440   8.3333333333332066e-02  1.6666666666666669e-01  8.6666666666666684e-02  1.0000000000000000e+00
441   1.6666666666666535e-01  1.6666666666666669e-01  8.6666666666666684e-02  1.0000000000000000e+00
442  -1.1842378929335000e-15  3.3333333333333337e-01  8.6666666666666684e-02  1.0000000000000000e+00
443   8.3333333333332066e-02  3.3333333333333337e-01  8.6666666666666684e-02  1.0000000000000000e+00
444   1.6666666666666535e-01  3.3333333333333337e-01  8.6666666666666684e-02  1.0000000000000000e+00
445   0.0000000000000000e+00  5.0000000000000000e-01  8.6666666666666684e-02  1.0000000000000000e+00
446   8.3333333333333343e-02  5.0000000000000000e-01  8.6666666666666684e-02  1.0000000000000000e+00
447   1.6666666666666669e-01  5.0000000000000000e-01  8.6666666666666684e-02  1.0000000000000000e+00
448   0.0000000000000000e+00  0.0000000000000000e+00  1.7333333333333334e-01  1.0000000000000000e+00
449   8.3333333333333343e-02  0.0000000000000000e+00  1.7333333333333334e-01  1.0000000000000000e+00
450   1.6666666666666669e-01  0.0000000000000000e+00  1.7333333333333334e-01  1.0000000000000000e+00
451  -1.1842378929335002e-15  1.6666666666666669e-01  1.7333333333333334e-01  1.0000000000000000e+00
452   8.3333333333332066e-02  1.6666666666666669e-01  1.7333333333333334e-01  1.0000000000000000e+00
453   1.6666666666666535e-01  1.6666666666666669e-01  1.7333333333333334e-01  1.0000000000000000e+00
454  -1.1842378929335000e-15  3.3333333333333337e-01  1.7333333333333334e-01  1.0000000000000000e+00
455   8.3333333333332066e-02  3.3333333333333337e-01  1.7333333333333334e-01  1.0000000000000000e+00
456   1.6666666666666535e-01  3.3333333333333337e-01  1.7333333333333334e-01  1.0000000000000000e+00
457   0.0000000000000000e+00  5.0000000000000000e-01  1.7333333333333334e-01  1.0000000000000000e+00
458   8.3333333333333343e-02  5.0000000000000000e-01  1.7333333333333334e-01  1.0000000000000000e+00
459   1.6666666666666669e-01  5.0000000000000000e-01  1.7333333333333334e-01  1.0000000000000000e+00

376  0    0.000000e+00
379  0    0.000000e+00
382  0    0.000000e+00
385  0    0.000000e+00
388  0    0.000000e+00
391  0    0.000000e+00
394  0    0.000000e+00
397  0    0.000000e+00
400  0    0.000000e+00
403  0    0.000000e+00
406  0    0.000000e+00
409  0    0.000000e+00
412  0    0.000000e+00
415  0    0.000000e+00
418  0    0.000000e+00
421  0    0.000000e+00
424  0    0.000000e+00
427  0    0.000000e+00
430  0    0.000000e+00
433  0    0.000000e+00
436  0    0.000000e+00
439  0    0.000000e+00
442  0    0.000000e+00
445  0    0.000000e+00
448  0    0.000000e+00
451  0    0.000000e+00
454  0    0.000000e+00
457  0    0.000000e+00
0    1    0.000000e+00
1    1    0.000000e+00
2    1    0.000000e+00
3    1    0.000000e+00
16   1    0.000000e+00
17   1    0.000000e+00
18   1    0.000000e+00
19   1    0.000000e+00
32   1    0.000000e+00
33   1    0.000000e+00
34   1    0.000000e+00
35   1    0.000000e+00
48   1    0.000000e+00
49   1    0.000000e+00
50   1    0.000000e+00
51   1    0.000000e+00
64   1    0.000000e+00
65   1    0.000000e+00
66   1    0.000000e+00
67   1    0.000000e+00
80   1    0.000000e+00
81   1    0.000000e+00
82   1    0.000000e+00
83   1    0.000000e+00
96   1    0.000000e+00
97   1    0.000000e+00
98   1    0.000000e+00
99   1    0.000000e+00
112  1    0.000000e+00
113  1    0.000000e+00
114  1    0.000000e+00
115  1    0.000000e+00
128  1    0.000000e+00
129  1    0.000000e+00
130  1    0.000000e+00
131  1    0.000000e+00
144  1    0.000000e+00
145  1    0.000000e+00
146  1    0.000000e+00
147  1    0.000000e+00
160  1    0.000000e+00
161  1    0.000000e+00
162  1    0.000000e+00
163  1    0.000000e+00
176  1    0.000000e+00
177  1    0.000000e+00
178  1    0.000000e+00
179  1    0.000000e+00
192  1    0.000000e+00
193  1    0.000000e+00
194  1    0.000000e+00
195  1    0.000000e+00
208  1    0.000000e+00
209  1    0.000000e+00
210  1    0.000000e+00
220  1    0.000000e+00
221  1    0.000000e+00
222  1    0.000000e+00
232  1    0.000000e+00
233  1    0.000000e+00
234  1    0.000000e+00
244  1    0.000000e+00
245  1    0.000000e+00
246  1    0.000000e+00
256  1    0.000000e+00
257  1    0.000000e+00
258  1    0.000000e+00
259  1    0.000000e+00
272  1    0.000000e+00
273  1    0.000000e+00
274  1    0.000000e+00
275  1    0.000000e+00
288  1    0.000000e+00
289  1    0.000000e+00
290  1    0.000000e+00
291  1    0.000000e+00
304  1    0.000000e+00
305  1    0.000000e+00
306  1    0.000000e+00
316  1    0.000000e+00
317  1    0.000000e+00
318  1    0.000000e+00
328  1    0.000000e+00
329  1    0.000000e+00
330  1    0.000000e+00
340  1    0.000000e+00
341  1    0.000000e+00
342  1    0.000000e+00
352  1    0.000000e+00
353  1    0.000000e+00
354  1    0.000000e+00
364  1    0.000000e+00
365  1    0.000000e+00
366  1    0.000000e+00
376  1    0.000000e+00
377  1    0.000000e+00
378  1    0.000000e+00
388  1    0.000000e+00
389  1    0.000000e+00
390  1    0.000000e+00
400  1    0.000000e+00
401  1    0.000000e+00
402  1    0.000000e+00
412  1    0.000000e+00
413  1    0.000000e+00
414  1    0.000000e+00
424  1    0.000000e+00
425  1    0.000000e+00
426  1    0.000000e+00
436  1    0.000000e+00
437  1    0.000000e+00
438  1    0.000000e+00
448  1    0.000000e+00
449  1    0.000000e+00
450  1    0.000000e+00
0    2    0.000000e+00
1    2    0.000000e+00
2    2    0.000000e+00
3    2    0.000000e+00
4    2    0.000000e+00
5    2    0.000000e+00
6    2    0.000000e+00
7    2    0.000000e+00
8    2    0.000000e+00
9    2    0.000000e+00
10   2    0.000000e+00
11   2    0.000000e+00
12   2    0.000000e+00
13   2    0.000000e+00
14   2    0.000000e+00
15   2    0.000000e+00
208  2    0.000000e+00
209  2    0.000000e+00
210  2    0.000000e+00
211  2    0.000000e+00
212  2    0.000000e+00
213  2    0.000000e+00
214  2    0.000000e+00
215  2    0.000000e+00
216  2    0.000000e+00
217  2    0.000000e+00
218  2    0.000000e+00
219  2    0.000000e+00

2    5    0 1    1.000000e+00   0.000000e+00 1.000000e+00   0.000000e+00 1.000000e+00   1.000000e+00 0.000000e+00 0.000000e+00   2.200000e+02 0.000000e+00 0.000000e+00
2    6    0 1    1.000000e+00   0.000000e+00 1.000000e+00   0.000000e+00 1.000000e+00   1.000000e+00 0.000000e+00 0.000000e+00   2.200000e+02 0.000000e+00 0.000000e+00
2    7    0 1    1.000000e+00   0.000000e+00 1.000000e+00   0.000000e+00 1.000000e+00   1.000000e+00 0.000000e+00 0.000000e+00   2.200000e+02 0.000000e+00 0.000000e+00
2    8    0 1    1.000000e+00   0.000000e+00 1.000000e+00   0.000000e+00 1.000000e+00   1.000000e+00 0.000000e+00 0.000000e+00   2.200000e+02 0.000000e+00 0.000000e+00