3

1000  3.000000e-01

1

144

3    3    3

8    10   10

4    6    6

0    1    2    3    4    5    6    7    8    9    10   11   12   13   14   15   16   17   18   19   20   21   22   23   24   25   26   27   28   29   30   31   32   33   34   35   36   37   38   39   40   41   42   43   44   45   46   47   48   49   50   51   52   53   54   55   56   57   58   59   60   61   62   63   64   65   66   67   68   69   70   71   72   73   74   75   76   77   78   79   80   81   82   83   84   85   86   87   88   89   90   91   92   93   94   95   96   97   98   99   100  101  102  103  104  105  106  107  108  109  110  111  112  113  114  115  116  117  118  119  120  121  122  123  124  125  126  127  128  129  130  131  132  133  134  135  136  137  138  139  140  141  142  143

108  0    0

0.0000000000000000e+00  0.0000000000000000e+00  0.0000000000000000e+00  0.0000000000000000e+00  1.0000000000000000e+00  1.0000000000000000e+00  1.0000000000000000e+00  1.0000000000000000e+00
0.0000000000000000e+00  0.0000000000000000e+00  0.0000000000000000e+00  0.0000000000000000e+00  3.3333333333333331e-01  6.6666666666666663e-01  1.0000000000000000e+00  1.0000000000000000e+00  1.0000000000000000e+00  1.0000000000000000e+00
0.0000000000000000e+00  0.0000000000000000e+00  0.0000000000000000e+00  0.0000000000000000e+00  3.3333333333333331e-01  6.6666666666666663e-01  1.0000000000000000e+00  1.0000000000000000e+00  1.0000000000000000e+00  1.0000000000000000e+00

0     0.0000000000000000e+00  0.0000000000000000e+00  0.0000000000000000e+00  1.0000000000000000e+00
1     1.6666666666666669e-01  0.0000000000000000e+00  0.0000000000000000e+00  1.0000000000000000e+00
2     3.3333333333333337e-01  0.0000000000000000e+00  0.0000000000000000e+00  1.0000000000000000e+00
3     5.0000000000000000e-01  0.0000000000000000e+00  0.0000000000000000e+00  1.0000000000000000e+00
4     0.0000000000000000e+00  3.3333333333333331e-01  0.0000000000000000e+00  1.0000000000000000e+00
5     1.6666666666666669e-01  3.3333333333333331e-01  0.0000000000000000e+00  1.0000000000000000e+00
6     3.3333333333333337e-01  3.3333333333333331e-01  0.0000000000000000e+00  1.0000000000000000e+00
7     5.0000000000000000e-01  3.3333333333333331e-01  0.0000000000000000e+00  1.0000000000000000e+00
8     0.0000000000000000e+00  1.0000000000000000e+00  0.0000000000000000e+00  1.0000000000000000e+00
9     1.6666666666666669e-01  1.0000000000000000e+00  0.0000000000000000e+00  1.0000000000000000e+00
10    3.3333333333333337e-01  1.0000000000000000e+00  0.0000000000000000e+00  1.0000000000000000e+00
11    5.0000000000000000e-01  1.0000000000000000e+00  0.0000000000000000e+00  1.0000000000000000e+00
12    0.0000000000000000e+00  2.0000000000000000e+00  0.0000000000000000e+00  1.0000000000000000e+00
13    1.6666666666666669e-01  2.0000000000000000e+00  0.0000000000000000e+00  1.0000000000000000e+00
14    3.3333333333333337e-01  2.0000000000000000e+00  0.0000000000000000e+00  1.0000000000000000e+00
15    5.0000000000000000e-01  2.0000000000000000e+00  0.0000000000000000e+00  1.0000000000000000e+00
16    0.0000000000000000e+00  2.6666666666666670e+00  0.0000000000000000e+00  1.0000000000000000e+00
17    1.6666666666666669e-01  2.6666666666666670e+00  0.0000000000000000e+00  1.0000000000000000e+00
18    3.3333333333333337e-01  2.6666666666666670e+00  0.0000000000000000e+00  1.0000000000000000e+00
19    5.0000000000000000e-01  2.6666666666666670e+00  0.0000000000000000e+00  1.0000000000000000e+00
20    0.0000000000000000e+00  3.0000000000000000e+00  0.0000000000000000e+00  1.0000000000000000e+00
21    1.6666666666666669e-01  3.0000000000000000e+00  0.0000000000000000e+00  1.0000000000000000e+00
22    3.3333333333333337e-01  3.0000000000000000e+00  0.0000000000000000e+00  1.0000000000000000e+00
23    5.0000000000000000e-01  3.0000000000000000e+00  0.0000000000000000e+00  1.0000000000000000e+00
24    0.0000000000000000e+00  0.0000000000000000e+00  3.3333333333333331e-01  1.0000000000000000e+00
25    1.6666666666666669e-01  0.0000000000000000e+00  3.3333333333333331e-01  1.0000000000000000e+00
26    3.3333333333333337e-01  0.0000000000000000e+00  3.3333333333333331e-01  1.0000000000000000e+00
27    5.0000000000000000e-01  0.0000000000000000e+00  3.3333333333333331e-01  1.0000000000000000e+00
28    0.0000000000000000e+00  3.3333333333333337e-01  3.3333333333333331e-01  1.0000000000000000e+00
29    1.6666666666666669e-01  3.3333333333333337e-01  3.3333333333333331e-01  1.0000000000000000e+00
30    3.3333333333333337e-01  3.3333333333333337e-01  3.3333333333333331e-01  1.0000000000000000e+00
31    5.0000000000000000e-01  3.3333333333333337e-01  3.3333333333333331e-01  1.0000000000000000e+00
32    0.0000000000000000e+00  1.0000000000000000e+00  3.3333333333333331e-01  1.0000000000000000e+00
33    1.6666666666666669e-01  1.0000000000000000e+00  3.3333333333333331e-01  1.0000000000000000e+00
34    3.3333333333333337e-01  1.0000000000000000e+00  3.3333333333333331e-01  1.0000000000000000e+00
35    5.0000000000000000e-01  1.0000000000000000e+00  3.3333333333333331e-01  1.0000000000000000e+00
36    0.0000000000000000e+00  2.0000000000000000e+00  3.3333333333333331e-01  1.0000000000000000e+00
37    1.6666666666666669e-01  2.0000000000000000e+00  3.3333333333333331e-01  1.0000000000000000e+00
38    3.3333333333333337e-01  2.0000000000000000e+00  3.3333333333333331e-01  1.0000000000000000e+00
39    5.0000000000000000e-01  2.0000000000000000e+00  3.3333333333333331e-01  1.0000000000000000e+00
40    0.0000000000000000e+00  2.6666666666666670e+00  3.3333333333333331e-01  1.0000000000000000e+00
41    1.6666666666666669e-01  2.6666666666666670e+00  3.3333333333333331e-01  1.0000000000000000e+00
42    3.3333333333333337e-01  2.6666666666666670e+00  3.3333333333333331e-01  1.0000000000000000e+00
43    5.0000000000000000e-01  2.6666666666666670e+00  3.3333333333333331e-01  1.0000000000000000e+00
44    0.0000000000000000e+00  3.0000000000000000e+00  3.3333333333333331e-01  1.0000000000000000e+00
45    1.6666666666666669e-01  3.0000000000000000e+00  3.3333333333333331e-01  1.0000000000000000e+00
46    3.3333333333333337e-01  3.0000000000000000e+00  3.3333333333333331e-01  1.0000000000000000e+00
47    5.0000000000000000e-01  3.0000000000000000e+00  3.3333333333333331e-01  1.0000000000000000e+00
48    0.0000000000000000e+00  0.0000000000000000e+00  1.0000000000000000e+00  1.0000000000000000e+00
49    1.6666666666666669e-01  0.0000000000000000e+00  1.0000000000000000e+00  1.0000000000000000e+00
50    3.3333333333333337e-01  0.0000000000000000e+00  1.0000000000000000e+00  1.0000000000000000e+00
51    5.0000000000000000e-01  0.0000000000000000e+00  1.0000000000000000e+00  1.0000000000000000e+00
52    0.0000000000000000e+00  3.3333333333333331e-01  1.0000000000000000e+00  1.0000000000000000e+00
53    1.6666666666666669e-01  3.3333333333333331e-01  1.0000000000000000e+00  1.0000000000000000e+00
54    3.3333333333333337e-01  3.3333333333333331e-01  1.0000000000000000e+00  1.0000000000000000e+00
55    5.0000000000000000e-01  3.3333333333333331e-01  1.0000000000000000e+00  1.0000000000000000e+00
56    0.0000000000000000e+00  1.0000000000000000e+00  1.0000000000000000e+00  1.0000000000000000e+00
57    1.6666666666666669e-01  1.0000000000000000e+00  1.0000000000000000e+00  1.0000000000000000e+00
58    3.3333333333333337e-01  1.0000000000000000e+00  1.0000000000000000e+00  1.0000000000000000e+00
59    5.0000000000000000e-01  1.0000000000000000e+00  1.0000000000000000e+00  1.0000000000000000e+00
60    0.0000000000000000e+00  2.0000000000000000e+00  1.0000000000000000e+00  1.0000000000000000e+00
61    1.6666666666666669e-01  2.0000000000000000e+00  1.0000000000000000e+00  1.0000000000000000e+00
62    3.3333333333333337e-01  2.0000000000000000e+00  1.0000000000000000e+00  1.0000000000000000e+00
63    5.0000000000000000e-01  2.0000000000000000e+00  1.0000000000000000e+00  1.0000000000000000e+00
64    0.0000000000000000e+00  2.6666666666666670e+00  1.0000000000000000e+00  1.0000000000000000e+00
65    1.6666666666666669e-01  2.6666666666666670e+00  1.0000000000000000e+00  1.0000000000000000e+00
66    3.3333333333333337e-01  2.6666666666666670e+00  1.0000000000000000e+00  1.0000000000000000e+00
67    5.0000000000000000e-01  2.6666666666666670e+00  1.0000000000000000e+00  1.0000000000000000e+00
68    0.0000000000000000e+00  3.0000000000000000e+00  1.0000000000000000e+00  1.0000000000000000e+00
69    1.6666666666666669e-01  3.0000000000000000e+00  1.0000000000000000e+00  1.0000000000000000e+00
70    3.3333333333333337e-01  3.0000000000000000e+00  1.0000000000000000e+00  1.0000000000000000e+00
71    5.0000000000000000e-01  3.0000000000000000e+00  1.0000000000000000e+00  1.0000000000000000e+00
72    0.0000000000000000e+00  0.0000000000000000e+00  2.0000000000000000e+00  1.0000000000000000e+00
73    1.6666666666666669e-01  0.0000000000000000e+00  2.0000000000000000e+00  1.0000000000000000e+00
74    3.3333333333333337e-01  0.0000000000000000e+00  2.0000000000000000e+00  1.0000000000000000e+00
75    5.0000000000000000e-01  0.0000000000000000e+00  2.0000000000000000e+00  1.0000000000000000e+00
76    0.0000000000000000e+00  3.3333333333333331e-01  2.0000000000000000e+00  1.0000000000000000e+00
77    1.6666666666666669e-01  3.3333333333333331e-01  2.0000000000000000e+00  1.0000000000000000e+00
78    3.3333333333333337e-01  3.3333333333333331e-01  2.0000000000000000e+00  1.0000000000000000e+00
79    5.0000000000000000e-01  3.3333333333333331e-01  2.0000000000000000e+00  1.0000000000000000e+00
80    0.0000000000000000e+00  1.0000000000000000e+00  2.0000000000000000e+00  1.0000000000000000e+00
81    1.6666666666666669e-01  1.0000000000000000e+00  2.0000000000000000e+00  1.0000000000000000e+00
82    3.3333333333333337e-01  1.0000000000000000e+00  2.0000000000000000e+00  1.0000000000000000e+00
83    5.0000000000000000e-01  1.0000000000000000e+00  2.0000000000000000e+00  1.0000000000000000e+00
84    0.0000000000000000e+00  2.0000000000000000e+00  2.0000000000000000e+00  1.0000000000000000e+00
85    1.6666666666666669e-01  2.0000000000000000e+00  2.0000000000000000e+00  1.0000000000000000e+00
86    3.3333333333333337e-01  2.0000000000000000e+00  2.0000000000000000e+00  1.0000000000000000e+00
87    5.0000000000000000e-01  2.0000000000000000e+00  2.0000000000000000e+00  1.0000000000000000e+00
88    0.0000000000000000e+00  2.6666666666666670e+00  2.0000000000000000e+00  1.0000000000000000e+00
89    1.6666666666666669e-01  2.6666666666666670e+00  2.0000000000000000e+00  1.0000000000000000e+00
90    3.3333333333333337e-01  2.6666666666666670e+00  2.0000000000000000e+00  1.0000000000000000e+00
91    5.0000000000000000e-01  2.6666666666666670e+00  2.0000000000000000e+00  1.0000000000000000e+00
92    0.0000000000000000e+00  3.0000000000000000e+00  2.0000000000000000e+00  1.0000000000000000e+00
93    1.6666666666666669e-01  3.0000000000000000e+00  2.0000000000000000e+00  1.0000000000000000e+00
94    3.3333333333333337e-01  3.0000000000000000e+00  2.0000000000000000e+00  1.0000000000000000e+00
95    5.0000000000000000e-01  3.0000000000000000e+00  2.0000000000000000e+00  1.0000000000000000e+00
96    0.0000000000000000e+00  0.0000000000000000e+00  2.6666666666666670e+00  1.0000000000000000e+00
97    1.6666666666666669e-01  0.0000000000000000e+00  2.6666666666666670e+00  1.0000000000000000e+00
98    3.3333333333333337e-01  0.0000000000000000e+00  2.6666666666666670e+00  1.0000000000000000e+00
99    5.0000000000000000e-01  0.0000000000000000e+00  2.6666666666666670e+00  1.0000000000000000e+00
100   0.0000000000000000e+00  3.3333333333333331e-01  2.6666666666666670e+00  1.0000000000000000e+00
101   1.6666666666666669e-01  3.3333333333333331e-01  2.6666666666666670e+00  1.0000000000000000e+00
102   3.3333333333333337e-01  3.3333333333333331e-01  2.6666666666666670e+00  1.0000000000000000e+00
103   5.0000000000000000e-01  3.3333333333333331e-01  2.6666666666666670e+00  1.0000000000000000e+00
104   0.0000000000000000e+00  1.0000000000000000e+00  2.6666666666666670e+00  1.0000000000000000e+00
105   1.6666666666666669e-01  1.0000000000000000e+00  2.6666666666666670e+00  1.0000000000000000e+00
106   3.3333333333333337e-01  1.0000000000000000e+00  2.6666666666666670e+00  1.0000000000000000e+00
107   5.0000000000000000e-01  1.0000000000000000e+00  2.6666666666666670e+00  1.0000000000000000e+00
108   0.0000000000000000e+00  2.0000000000000000e+00  2.6666666666666670e+00  1.0000000000000000e+00
109   1.6666666666666669e-01  2.0000000000000000e+00  2.6666666666666670e+00  1.0000000000000000e+00
110   3.3333333333333337e-01  2.0000000000000000e+00  2.6666666666666670e+00  1.0000000000000000e+00
111   5.0000000000000000e-01  2.0000000000000000e+00  2.6666666666666670e+00  1.0000000000000000e+00
112   0.0000000000000000e+00  2.6666666666666670e+00  2.6666666666666670e+00  1.0000000000000000e+00
113   1.6666666666666669e-01  2.6666666666666670e+00  2.6666666666666670e+00  1.0000000000000000e+00
114   3.3333333333333337e-01  2.6666666666666670e+00  2.6666666666666670e+00  1.0000000000000000e+00
115   5.0000000000000000e-01  2.6666666666666670e+00  2.6666666666666670e+00  1.0000000000000000e+00
116   0.0000000000000000e+00  3.0000000000000000e+00  2.6666666666666670e+00  1.0000000000000000e+00
117   1.6666666666666669e-01  3.0000000000000000e+00  2.6666666666666670e+00  1.0000000000000000e+00
118   3.3333333333333337e-01  3.0000000000000000e+00  2.6666666666666670e+00  1.0000000000000000e+00
119   5.0000000000000000e-01  3.0000000000000000e+00  2.6666666666666670e+00  1.0000000000000000e+00
120   0.0000000000000000e+00  0.0000000000000000e+00  3.0000000000000000e+00  1.0000000000000000e+00
121   1.6666666666666669e-01  0.0000000000000000e+00  3.0000000000000000e+00  1.0000000000000000e+00
122   3.3333333333333337e-01  0.0000000000000000e+00  3.0000000000000000e+00  1.0000000000000000e+00
123   5.0000000000000000e-01  0.0000000000000000e+00  3.0000000000000000e+00  1.0000000000000000e+00
124   0.0000000000000000e+00  3.3333333333333331e-01  3.0000000000000000e+00  1.0000000000000000e+00
125   1.6666666666666669e-01  3.3333333333333331e-01  3.0000000000000000e+00  1.0000000000000000e+00
126   3.3333333333333337e-01  3.3333333333333331e-01  3.0000000000000000e+00  1.0000000000000000e+00
127   5.0000000000000000e-01  3.3333333333333331e-01  3.0000000000000000e+00  1.0000000000000000e+00
128   0.0000000000000000e+00  1.0000000000000000e+00  3.0000000000000000e+00  1.0000000000000000e+00
129   1.6666666666666669e-01  1.0000000000000000e+00  3.0000000000000000e+00  1.0000000000000000e+00
130   3.3333333333333337e-01  1.0000000000000000e+00  3.0000000000000000e+00  1.0000000000000000e+00
131   5.0000000000000000e-01  1.0000000000000000e+00  3.0000000000000000e+00  1.0000000000000000e+00
132   0.0000000000000000e+00  2.0000000000000000e+00  3.0000000000000000e+00  1.0000000000000000e+00
133   1.6666666666666669e-01  2.0000000000000000e+00  3.0000000000000000e+00  1.0000000000000000e+00
134   3.3333333333333337e-01  2.0000000000000000e+00  3.0000000000000000e+00  1.0000000000000000e+00
135   5.0000000000000000e-01  2.0000000000000000e+00  3.0000000000000000e+00  1.0000000000000000e+00
136   0.0000000000000000e+00  2.6666666666666670e+00  3.0000000000000000e+00  1.0000000000000000e+00
137   1.6666666666666669e-01  2.6666666666666670e+00  3.0000000000000000e+00  1.0000000000000000e+00
138   3.3333333333333337e-01  2.6666666666666670e+00  3.0000000000000000e+00  1.0000000000000000e+00
139   5.0000000000000000e-01  2.6666666666666670e+00  3.0000000000000000e+00  1.0000000000000000e+00
140   0.0000000000000000e+00  3.0000000000000000e+00  3.0000000000000000e+00  1.0000000000000000e+00
141   1.6666666666666669e-01  3.0000000000000000e+00  3.0000000000000000e+00  1.0000000000000000e+00
142   3.3333333333333337e-01  3.0000000000000000e+00  3.0000000000000000e+00  1.0000000000000000e+00
143   5.0000000000000000e-01  3.0000000000000000e+00  3.0000000000000000e+00  1.0000000000000000e+00

0    0    0.000000e+00
4    0    0.000000e+00
8    0    0.000000e+00
12   0    0.000000e+00
16   0    0.000000e+00
20   0    0.000000e+00
24   0    0.000000e+00
28   0    0.000000e+00
32   0    0.000000e+00
36   0    0.000000e+00
40   0    0.000000e+00
44   0    0.000000e+00
48   0    0.000000e+00
52   0    0.000000e+00
56   0    0.000000e+00
60   0    0.000000e+00
64   0    0.000000e+00
68   0    0.000000e+00
72   0    0.000000e+00
76   0    0.000000e+00
80   0    0.000000e+00
84   0    0.000000e+00
88   0    0.000000e+00
92   0    0.000000e+00
96   0    0.000000e+00
100  0    0.000000e+00
104  0    0.000000e+00
108  0    0.000000e+00
112  0    0.000000e+00
116  0    0.000000e+00
120  0    0.000000e+00
124  0    0.000000e+00
128  0    0.000000e+00
132  0    0.000000e+00
136  0    0.000000e+00
140  0    0.000000e+00
0    1    0.000000e+00
1    1    0.000000e+00
2    1    0.000000e+00
3    1    0.000000e+00
24   1    0.000000e+00
25   1    0.000000e+00
26   1    0.000000e+00
27   1    0.000000e+00
48   1    0.000000e+00
49   1    0.000000e+00
50   1    0.000000e+00
51   1    0.000000e+00
72   1    0.000000e+00
73   1    0.000000e+00
74   1    0.000000e+00
75   1    0.000000e+00
96   1    0.000000e+00
97   1    0.000000e+00
98   1    0.000000e+00
99   1    0.000000e+00
120  1    0.000000e+00
121  1    0.000000e+00
122  1    0.000000e+00
123  1    0.000000e+00
0    2    0.000000e+00
1    2    0.000000e+00
2    2    0.000000e+00
3    2    0.000000e+00
4    2    0.000000e+00
5    2    0.000000e+00
6    2    0.000000e+00
7    2    0.000000e+00
8    2    0.000000e+00
9    2    0.000000e+00
10   2    0.000000e+00
11   2    0.000000e+00
12   2    0.000000e+00
13   2    0.000000e+00
14   2    0.000000e+00
15   2    0.000000e+00
16   2    0.000000e+00
17   2    0.000000e+00
18   2    0.000000e+00
19   2    0.000000e+00
20   2    0.000000e+00
21   2    0.000000e+00
22   2    0.000000e+00
23   2    0.000000e+00
120  2    1.000000e+00
121  2    1.000000e+00
122  2    1.000000e+00
123  2    1.000000e+00
124  2    1.000000e+00
125  2    1.000000e+00
126  2    1.000000e+00
127  2    1.000000e+00
128  2    1.000000e+00
129  2    1.000000e+00
130  2    1.000000e+00
131  2    1.000000e+00
132  2    1.000000e+00
133  2    1.000000e+00
134  2    1.000000e+00
135  2    1.000000e+00
136  2    1.000000e+00
137  2    1.000000e+00
138  2    1.000000e+00
139  2    1.000000e+00
140  2    1.000000e+00
141  2    1.000000e+00
142  2    1.000000e+00
143  2    1.000000e+00

