3

1000  3.000000e-01

2

330

3    3    3
3    3    3

9    10   10
9    10   10

5    6    6
5    6    6

0    1    2    3    4    5    6    7    8    9    10   11   12   13   14   15   16   17   18   19   20   21   22   23   24   25   26   27   28   29   30   31   32   33   34   35   36   37   38   39   40   41   42   43   44   45   46   47   48   49   50   51   52   53   54   55   56   57   58   59   60   61   62   63   64   65   66   67   68   69   70   71   72   73   74   75   76   77   78   79   80   81   82   83   84   85   86   87   88   89   90   91   92   93   94   95   96   97   98   99   100  101  102  103  104  105  106  107  108  109  110  111  112  113  114  115  116  117  118  119  120  121  122  123  124  125  126  127  128  129  130  131  132  133  134  135  136  137  138  139  140  141  142  143  144  145  146  147  148  149  150  151  152  153  154  155  156  157  158  159  160  161  162  163  164  165  166  167  168  169  170  171  172  173  174  175  176  177  178  179
150  151  152  153  154  155  156  157  158  159  160  161  162  163  164  165  166  167  168  169  170  171  172  173  174  175  176  177  178  179  180  181  182  183  184  185  186  187  188  189  190  191  192  193  194  195  196  197  198  199  200  201  202  203  204  205  206  207  208  209  210  211  212  213  214  215  216  217  218  219  220  221  222  223  224  225  226  227  228  229  230  231  232  233  234  235  236  237  238  239  240  241  242  243  244  245  246  247  248  249  250  251  252  253  254  255  256  257  258  259  260  261  262  263  264  265  266  267  268  269  270  271  272  273  274  275  276  277  278  279  280  281  282  283  284  285  286  287  288  289  290  291  292  293  294  295  296  297  298  299  300  301  302  303  304  305  306  307  308  309  310  311  312  313  314  315  316  317  318  319  320  321  322  323  324  325  326  327  328  329

156  0    0

0.0000000000000000e+00  0.0000000000000000e+00  0.0000000000000000e+00  0.0000000000000000e+00  5.0000000000000000e-01  1.0000000000000000e+00  1.0000000000000000e+00  1.0000000000000000e+00  1.0000000000000000e+00
0.0000000000000000e+00  0.0000000000000000e+00  0.0000000000000000e+00  0.0000000000000000e+00  3.3333333333333331e-01  6.6666666666666663e-01  1.0000000000000000e+00  1.0000000000000000e+00  1.0000000000000000e+00  1.0000000000000000e+00
0.0000000000000000e+00  0.0000000000000000e+00  0.0000000000000000e+00  0.0000000000000000e+00  3.3333333333333331e-01  6.6666666666666663e-01  1.0000000000000000e+00  1.0000000000000000e+00  1.0000000000000000e+00  1.0000000000000000e+00
0.0000000000000000e+00  0.0000000000000000e+00  0.0000000000000000e+00  0.0000000000000000e+00  5.0000000000000000e-01  1.0000000000000000e+00  1.0000000000000000e+00  1.0000000000000000e+00  1.0000000000000000e+00
0.0000000000000000e+00  0.0000000000000000e+00  0.0000000000000000e+00  0.0000000000000000e+00  3.3333333333333331e-01  6.6666666666666663e-01  1.0000000000000000e+00  1.0000000000000000e+00  1.0000000000000000e+00  1.0000000000000000e+00
0.0000000000000000e+00  0.0000000000000000e+00  0.0000000000000000e+00  0.0000000000000000e+00  3.3333333333333331e-01  6.6666666666666663e-01  1.0000000000000000e+00  1.0000000000000000e+00  1.0000000000000000e+00  1.0000000000000000e+00

0     0.0000000000000000e+00  1.0000000000000000e+00  0.0000000000000000e+00  1.0000000000000000e+00
1     8.3333333333333343e-02  1.0000000000000000e+00  0.0000000000000000e+00  1.0000000000000000e+00
2     2.5000000000000000e-01  1.0000000000000000e+00  0.0000000000000000e+00  1.0000000000000000e+00
3     4.1666666666666669e-01  1.0000000000000000e+00  0.0000000000000000e+00  1.0000000000000000e+00
4     5.0000000000000000e-01  1.0000000000000000e+00  0.0000000000000000e+00  1.0000000000000000e+00
5     0.0000000000000000e+00  1.2222222222222223e+00  0.0000000000000000e+00  1.0000000000000000e+00
6     8.3333333333333343e-02  1.2222222222222223e+00  0.0000000000000000e+00  1.0000000000000000e+00
7     2.5000000000000000e-01  1.2222222222222223e+00  0.0000000000000000e+00  1.0000000000000000e+00
8     4.1666666666666674e-01  1.2222222222222223e+00  0.0000000000000000e+00  1.0000000000000000e+00
9     5.0000000000000000e-01  1.2222222222222223e+00  0.0000000000000000e+00  1.0000000000000000e+00
10    0.0000000000000000e+00  1.6666666666666667e+00  0.0000000000000000e+00  1.0000000000000000e+00
11    8.3333333333333343e-02  1.6666666666666667e+00  0.0000000000000000e+00  1.0000000000000000e+00
12    2.5000000000000000e-01  1.6666666666666667e+00  0.0000000000000000e+00  1.0000000000000000e+00
13    4.1666666666666674e-01  1.6666666666666667e+00  0.0000000000000000e+00  1.0000000000000000e+00
14    5.0000000000000000e-01  1.6666666666666667e+00  0.0000000000000000e+00  1.0000000000000000e+00
15    0.0000000000000000e+00  2.3333333333333335e+00  0.0000000000000000e+00  1.0000000000000000e+00
16    8.3333333333333343e-02  2.3333333333333335e+00  0.0000000000000000e+00  1.0000000000000000e+00
17    2.5000000000000000e-01  2.3333333333333335e+00  0.0000000000000000e+00  1.0000000000000000e+00
18    4.1666666666666674e-01  2.3333333333333335e+00  0.0000000000000000e+00  1.0000000000000000e+00
19    5.0000000000000000e-01  2.3333333333333335e+00  0.0000000000000000e+00  1.0000000000000000e+00
20    0.0000000000000000e+00  2.7777777777777777e+00  0.0000000000000000e+00  1.0000000000000000e+00
21    8.3333333333333343e-02  2.7777777777777777e+00  0.0000000000000000e+00  1.0000000000000000e+00
22    2.5000000000000000e-01  2.7777777777777777e+00  0.0000000000000000e+00  1.0000000000000000e+00
23    4.1666666666666674e-01  2.7777777777777777e+00  0.0000000000000000e+00  1.0000000000000000e+00
24    5.0000000000000000e-01  2.7777777777777777e+00  0.0000000000000000e+00  1.0000000000000000e+00
25    0.0000000000000000e+00  3.0000000000000000e+00  0.0000000000000000e+00  1.0000000000000000e+00
26    8.3333333333333343e-02  3.0000000000000000e+00  0.0000000000000000e+00  1.0000000000000000e+00
27    2.5000000000000000e-01  3.0000000000000000e+00  0.0000000000000000e+00  1.0000000000000000e+00
28    4.1666666666666669e-01  3.0000000000000000e+00  0.0000000000000000e+00  1.0000000000000000e+00
29    5.0000000000000000e-01  3.0000000000000000e+00  0.0000000000000000e+00  1.0000000000000000e+00
30    0.0000000000000000e+00  1.0000000000000000e+00  8.6504035553575137e-02  9.8308434055806382e-01
31    8.3333333333333329e-02  1.0000000000000000e+00  8.6504035553575137e-02  9.8308434055806382e-01
32    2.5000000000000000e-01  1.0000000000000000e+00  8.6504035553575137e-02  9.8308434055806382e-01
33    4.1666666666666669e-01  1.0000000000000000e+00  8.6504035553575137e-02  9.8308434055806382e-01
34    5.0000000000000000e-01  1.0000000000000000e+00  8.6504035553575137e-02  9.8308434055806382e-01
35    0.0000000000000000e+00  1.2256145952519217e+00  1.1434818161102325e-01  9.8496385827383448e-01
36    8.3333333333333343e-02  1.2256145952519217e+00  1.1434818161102325e-01  9.8496385827383448e-01
37    2.5000000000000000e-01  1.2256145952519217e+00  1.1434818161102325e-01  9.8496385827383448e-01
38    4.1666666666666674e-01  1.2256145952519217e+00  1.1434818161102325e-01  9.8496385827383448e-01
39    5.0000000000000000e-01  1.2256145952519217e+00  1.1434818161102325e-01  9.8496385827383448e-01
40    0.0000000000000000e+00  1.6742704866155584e+00  1.6971889091604217e-01  9.8872289370537592e-01
41    8.3333333333333343e-02  1.6742704866155584e+00  1.6971889091604217e-01  9.8872289370537592e-01
42    2.5000000000000000e-01  1.6742704866155584e+00  1.6971889091604217e-01  9.8872289370537592e-01
43    4.1666666666666669e-01  1.6742704866155584e+00  1.6971889091604217e-01  9.8872289370537592e-01
44    5.0000000000000000e-01  1.6742704866155584e+00  1.6971889091604217e-01  9.8872289370537592e-01
45    0.0000000000000000e+00  2.3408940356180801e+00  2.5199000215791345e-01  9.9436144685268801e-01
46    8.3333333333333343e-02  2.3408940356180801e+00  2.5199000215791345e-01  9.9436144685268801e-01
47    2.5000000000000000e-01  2.3408940356180801e+00  2.5199000215791345e-01  9.9436144685268801e-01
48    4.1666666666666669e-01  2.3408940356180801e+00  2.5199000215791345e-01  9.9436144685268801e-01
49    5.0000000000000000e-01  2.3408940356180801e+00  2.5199000215791345e-01  9.9436144685268801e-01
50    0.0000000000000000e+00  2.7811254345860923e+00  3.0632100569185094e-01  9.9812048228422934e-01
51    8.3333333333333343e-02  2.7811254345860923e+00  3.0632100569185094e-01  9.9812048228422934e-01
52    2.5000000000000000e-01  2.7811254345860923e+00  3.0632100569185094e-01  9.9812048228422934e-01
53    4.1666666666666674e-01  2.7811254345860923e+00  3.0632100569185094e-01  9.9812048228422934e-01
54    5.0000000000000000e-01  2.7811254345860923e+00  3.0632100569185094e-01  9.9812048228422934e-01
55    0.0000000000000000e+00  3.0000000000000000e+00  3.3333333333333331e-01  1.0000000000000000e+00
56    8.3333333333333343e-02  3.0000000000000000e+00  3.3333333333333331e-01  1.0000000000000000e+00
57    2.5000000000000000e-01  3.0000000000000000e+00  3.3333333333333331e-01  1.0000000000000000e+00
58    4.1666666666666674e-01  3.0000000000000000e+00  3.3333333333333331e-01  1.0000000000000000e+00
59    5.0000000000000000e-01  3.0000000000000000e+00  3.3333333333333331e-01  1.0000000000000000e+00
60    0.0000000000000000e+00  9.7741268768730805e-01  2.6111281592987484e-01  9.6053012796881554e-01
61    8.3333333333333329e-02  9.7741268768730805e-01  2.6111281592987484e-01  9.6053012796881554e-01
62    2.5000000000000006e-01  9.7741268768730805e-01  2.6111281592987484e-01  9.6053012796881554e-01
63    4.1666666666666663e-01  9.7741268768730805e-01  2.6111281592987484e-01  9.6053012796881554e-01
64    5.0000000000000000e-01  9.7741268768730805e-01  2.6111281592987484e-01  9.6053012796881554e-01
65    0.0000000000000000e+00  1.2103158633109599e+00  3.4619649590252222e-01  9.6491566930561390e-01
66    8.3333333333333315e-02  1.2103158633109599e+00  3.4619649590252222e-01  9.6491566930561390e-01
67    2.5000000000000000e-01  1.2103158633109599e+00  3.4619649590252222e-01  9.6491566930561390e-01
68    4.1666666666666657e-01  1.2103158633109599e+00  3.4619649590252222e-01  9.6491566930561390e-01
69    5.0000000000000000e-01  1.2103158633109599e+00  3.4619649590252222e-01  9.6491566930561390e-01
70    0.0000000000000000e+00  1.6698281584744592e+00  5.1406452501159983e-01  9.7368675197921051e-01
71    8.3333333333333315e-02  1.6698281584744592e+00  5.1406452501159983e-01  9.7368675197921051e-01
72    2.5000000000000000e-01  1.6698281584744592e+00  5.1406452501159983e-01  9.7368675197921051e-01
73    4.1666666666666663e-01  1.6698281584744592e+00  5.1406452501159983e-01  9.7368675197921051e-01
74    5.0000000000000000e-01  1.6698281584744592e+00  5.1406452501159983e-01  9.7368675197921051e-01
75    0.0000000000000000e+00  2.3437810236855401e+00  7.6027151530583226e-01  9.8684337598960514e-01
76    8.3333333333333343e-02  2.3437810236855401e+00  7.6027151530583226e-01  9.8684337598960514e-01
77    2.5000000000000006e-01  2.3437810236855401e+00  7.6027151530583226e-01  9.8684337598960514e-01
78    4.1666666666666674e-01  2.3437810236855401e+00  7.6027151530583226e-01  9.8684337598960514e-01
79    5.0000000000000000e-01  2.3437810236855401e+00  7.6027151530583226e-01  9.8684337598960514e-01
80    0.0000000000000000e+00  2.7831873759500207e+00  9.2079448522201690e-01  9.9561445866320186e-01
81    8.3333333333333343e-02  2.7831873759500207e+00  9.2079448522201690e-01  9.9561445866320186e-01
82    2.5000000000000000e-01  2.7831873759500207e+00  9.2079448522201690e-01  9.9561445866320186e-01
83    4.1666666666666669e-01  2.7831873759500207e+00  9.2079448522201690e-01  9.9561445866320186e-01
84    5.0000000000000000e-01  2.7831873759500207e+00  9.2079448522201690e-01  9.9561445866320186e-01
85    0.0000000000000000e+00  3.0000000000000000e+00  1.0000000000000000e+00  1.0000000000000000e+00
86    8.3333333333333343e-02  3.0000000000000000e+00  1.0000000000000000e+00  1.0000000000000000e+00
87    2.5000000000000000e-01  3.0000000000000000e+00  1.0000000000000000e+00  1.0000000000000000e+00
88    4.1666666666666674e-01  3.0000000000000000e+00  1.0000000000000000e+00  1.0000000000000000e+00
89    5.0000000000000000e-01  3.0000000000000000e+00  1.0000000000000000e+00  1.0000000000000000e+00
90    0.0000000000000000e+00  8.7576978228019386e-01  5.0650049668273522e-01  9.6053012796881543e-01
91    8.3333333333333343e-02  8.7576978228019398e-01  5.0650049668273533e-01  9.6053012796881543e-01
92    2.5000000000000006e-01  8.7576978228019398e-01  5.0650049668273533e-01  9.6053012796881543e-01
93    4.1666666666666663e-01  8.7576978228019386e-01  5.0650049668273522e-01  9.6053012796881543e-01
94    5.0000000000000000e-01  8.7576978228019386e-01  5.0650049668273522e-01  9.6053012796881543e-01
95    0.0000000000000000e+00  1.1203772513624373e+00  6.7847862341052823e-01  9.6491566930561368e-01
96    8.3333333333333343e-02  1.1203772513624373e+00  6.7847862341052834e-01  9.6491566930561368e-01
97    2.5000000000000006e-01  1.1203772513624373e+00  6.7847862341052834e-01  9.6491566930561368e-01
98    4.1666666666666669e-01  1.1203772513624373e+00  6.7847862341052823e-01  9.6491566930561368e-01
99    5.0000000000000000e-01  1.1203772513624373e+00  6.7847862341052823e-01  9.6491566930561368e-01
100   0.0000000000000000e+00  1.6029818325629257e+00  1.0177872804049923e+00  9.7368675197921040e-01
101   8.3333333333333329e-02  1.6029818325629257e+00  1.0177872804049923e+00  9.7368675197921040e-01
102   2.5000000000000000e-01  1.6029818325629257e+00  1.0177872804049923e+00  9.7368675197921040e-01
103   4.1666666666666669e-01  1.6029818325629257e+00  1.0177872804049923e+00  9.7368675197921040e-01
104   5.0000000000000000e-01  1.6029818325629257e+00  1.0177872804049923e+00  9.7368675197921040e-01
105   0.0000000000000000e+00  2.3108034592907467e+00  1.5154410841861881e+00  9.8684337598960514e-01
106   8.3333333333333343e-02  2.3108034592907467e+00  1.5154410841861883e+00  9.8684337598960514e-01
107   2.5000000000000006e-01  2.3108034592907467e+00  1.5154410841861883e+00  9.8684337598960514e-01
108   4.1666666666666674e-01  2.3108034592907467e+00  1.5154410841861881e+00  9.8684337598960514e-01
109   5.0000000000000000e-01  2.3108034592907467e+00  1.5154410841861881e+00  9.8684337598960514e-01
110   0.0000000000000000e+00  2.7722916954999235e+00  1.8399033038720578e+00  9.9561445866320175e-01
111   8.3333333333333356e-02  2.7722916954999235e+00  1.8399033038720578e+00  9.9561445866320175e-01
112   2.5000000000000006e-01  2.7722916954999235e+00  1.8399033038720578e+00  9.9561445866320175e-01
113   4.1666666666666674e-01  2.7722916954999235e+00  1.8399033038720578e+00  9.9561445866320175e-01
114   5.0000000000000000e-01  2.7722916954999235e+00  1.8399033038720578e+00  9.9561445866320175e-01
115   0.0000000000000000e+00  3.0000000000000000e+00  2.0000000000000000e+00  1.0000000000000000e+00
116   8.3333333333333343e-02  3.0000000000000000e+00  2.0000000000000000e+00  1.0000000000000000e+00
117   2.5000000000000000e-01  3.0000000000000000e+00  2.0000000000000000e+00  1.0000000000000000e+00
118   4.1666666666666674e-01  3.0000000000000000e+00  2.0000000000000000e+00  1.0000000000000000e+00
119   5.0000000000000000e-01  3.0000000000000000e+00  2.0000000000000000e+00  1.0000000000000000e+00
120   0.0000000000000000e+00  7.6827437132648269e-01  6.4593919104661246e-01  9.8308434055806371e-01
121   8.3333333333333343e-02  7.6827437132648291e-01  6.4593919104661257e-01  9.8308434055806371e-01
122   2.5000000000000006e-01  7.6827437132648291e-01  6.4593919104661257e-01  9.8308434055806371e-01
123   4.1666666666666674e-01  7.6827437132648269e-01  6.4593919104661246e-01  9.8308434055806371e-01
124   5.0000000000000000e-01  7.6827437132648269e-01  6.4593919104661246e-01  9.8308434055806371e-01
125   0.0000000000000000e+00  1.0200293085397405e+00  8.7389199680984031e-01  9.8496385827383448e-01
126   8.3333333333333343e-02  1.0200293085397407e+00  8.7389199680984042e-01  9.8496385827383448e-01
127   2.5000000000000000e-01  1.0200293085397407e+00  8.7389199680984042e-01  9.8496385827383448e-01
128   4.1666666666666669e-01  1.0200293085397405e+00  8.7389199680984031e-01  9.8496385827383448e-01
129   5.0000000000000000e-01  1.0200293085397405e+00  8.7389199680984031e-01  9.8496385827383448e-01
130   0.0000000000000000e+00  1.5206677341455352e+00  1.3271976401984937e+00  9.8872289370537580e-01
131   8.3333333333333343e-02  1.5206677341455352e+00  1.3271976401984937e+00  9.8872289370537580e-01
132   2.5000000000000000e-01  1.5206677341455352e+00  1.3271976401984937e+00  9.8872289370537580e-01
133   4.1666666666666674e-01  1.5206677341455352e+00  1.3271976401984937e+00  9.8872289370537580e-01
134   5.0000000000000000e-01  1.5206677341455352e+00  1.3271976401984937e+00  9.8872289370537580e-01
135   0.0000000000000000e+00  2.2645281636386470e+00  2.0007299008808670e+00  9.9436144685268790e-01
136   8.3333333333333356e-02  2.2645281636386470e+00  2.0007299008808670e+00  9.9436144685268790e-01
137   2.5000000000000006e-01  2.2645281636386470e+00  2.0007299008808670e+00  9.9436144685268790e-01
138   4.1666666666666674e-01  2.2645281636386470e+00  2.0007299008808670e+00  9.9436144685268790e-01
139   5.0000000000000000e-01  2.2645281636386470e+00  2.0007299008808670e+00  9.9436144685268790e-01
140   0.0000000000000000e+00  2.7557660114505018e+00  2.4455237426435255e+00  9.9812048228422934e-01
141   8.3333333333333343e-02  2.7557660114505018e+00  2.4455237426435255e+00  9.9812048228422934e-01
142   2.5000000000000000e-01  2.7557660114505018e+00  2.4455237426435255e+00  9.9812048228422934e-01
143   4.1666666666666674e-01  2.7557660114505018e+00  2.4455237426435255e+00  9.9812048228422934e-01
144   5.0000000000000000e-01  2.7557660114505018e+00  2.4455237426435255e+00  9.9812048228422934e-01
145   0.0000000000000000e+00  3.0000000000000000e+00  2.6666666666666670e+00  1.0000000000000000e+00
146   8.3333333333333343e-02  3.0000000000000000e+00  2.6666666666666670e+00  1.0000000000000000e+00
147   2.5000000000000000e-01  3.0000000000000000e+00  2.6666666666666670e+00  1.0000000000000000e+00
148   4.1666666666666674e-01  3.0000000000000000e+00  2.6666666666666670e+00  1.0000000000000000e+00
149   5.0000000000000000e-01  3.0000000000000000e+00  2.6666666666666670e+00  1.0000000000000000e+00
150   0.0000000000000000e+00  7.0710678118654757e-01  7.0710678118654757e-01  1.0000000000000000e+00
151   8.3333333333333343e-02  7.0710678118654768e-01  7.0710678118654768e-01  1.0000000000000000e+00
152   2.5000000000000000e-01  7.0710678118654768e-01  7.0710678118654768e-01  1.0000000000000000e+00
153   4.1666666666666669e-01  7.0710678118654757e-01  7.0710678118654757e-01  1.0000000000000000e+00
154   5.0000000000000000e-01  7.0710678118654757e-01  7.0710678118654757e-01  1.0000000000000000e+00
155   0.0000000000000000e+00  9.6187269438804235e-01  9.6187269438804235e-01  1.0000000000000000e+00
156   8.3333333333333343e-02  9.6187269438804246e-01  9.6187269438804246e-01  1.0000000000000000e+00
157   2.5000000000000000e-01  9.6187269438804246e-01  9.6187269438804246e-01  1.0000000000000000e+00
158   4.1666666666666674e-01  9.6187269438804235e-01  9.6187269438804235e-01  1.0000000000000000e+00
159   5.0000000000000000e-01  9.6187269438804235e-01  9.6187269438804235e-01  1.0000000000000000e+00
160   0.0000000000000000e+00  1.4714045207910318e+00  1.4714045207910318e+00  1.0000000000000000e+00
161   8.3333333333333343e-02  1.4714045207910318e+00  1.4714045207910318e+00  1.0000000000000000e+00
162   2.5000000000000000e-01  1.4714045207910318e+00  1.4714045207910318e+00  1.0000000000000000e+00
163   4.1666666666666674e-01  1.4714045207910318e+00  1.4714045207910318e+00  1.0000000000000000e+00
164   5.0000000000000000e-01  1.4714045207910318e+00  1.4714045207910318e+00  1.0000000000000000e+00
165   0.0000000000000000e+00  2.2357022603955157e+00  2.2357022603955157e+00  1.0000000000000000e+00
166   8.3333333333333343e-02  2.2357022603955157e+00  2.2357022603955157e+00  1.0000000000000000e+00
167   2.5000000000000000e-01  2.2357022603955157e+00  2.2357022603955157e+00  1.0000000000000000e+00
168   4.1666666666666674e-01  2.2357022603955157e+00  2.2357022603955157e+00  1.0000000000000000e+00
169   5.0000000000000000e-01  2.2357022603955157e+00  2.2357022603955157e+00  1.0000000000000000e+00
170   0.0000000000000000e+00  2.7452340867985052e+00  2.7452340867985052e+00  1.0000000000000000e+00
171   8.3333333333333343e-02  2.7452340867985052e+00  2.7452340867985052e+00  1.0000000000000000e+00
172   2.5000000000000000e-01  2.7452340867985052e+00  2.7452340867985052e+00  1.0000000000000000e+00
173   4.1666666666666674e-01  2.7452340867985052e+00  2.7452340867985052e+00  1.0000000000000000e+00
174   5.0000000000000000e-01  2.7452340867985052e+00  2.7452340867985052e+00  1.0000000000000000e+00
175   0.0000000000000000e+00  3.0000000000000000e+00  3.0000000000000000e+00  1.0000000000000000e+00
176   8.3333333333333343e-02  3.0000000000000000e+00  3.0000000000000000e+00  1.0000000000000000e+00
177   2.5000000000000000e-01  3.0000000000000000e+00  3.0000000000000000e+00  1.0000000000000000e+00
178   4.1666666666666669e-01  3.0000000000000000e+00  3.0000000000000000e+00  1.0000000000000000e+00
179   5.0000000000000000e-01  3.0000000000000000e+00  3.0000000000000000e+00  1.0000000000000000e+00
180   0.0000000000000000e+00  6.4593919104661235e-01  7.6827437132648269e-01  9.8308434055806382e-01
181   8.3333333333333329e-02  6.4593919104661246e-01  7.6827437132648280e-01  9.8308434055806382e-01
182   2.5000000000000000e-01  6.4593919104661246e-01  7.6827437132648280e-01  9.8308434055806382e-01
183   4.1666666666666669e-01  6.4593919104661235e-01  7.6827437132648269e-01  9.8308434055806382e-01
184   5.0000000000000000e-01  6.4593919104661235e-01  7.6827437132648269e-01  9.8308434055806382e-01
185   0.0000000000000000e+00  8.7389199680984042e-01  1.0200293085397405e+00  9.8496385827383448e-01
186   8.3333333333333343e-02  8.7389199680984053e-01  1.0200293085397407e+00  9.8496385827383448e-01
187   2.5000000000000000e-01  8.7389199680984053e-01  1.0200293085397407e+00  9.8496385827383448e-01
188   4.1666666666666674e-01  8.7389199680984042e-01  1.0200293085397405e+00  9.8496385827383448e-01
189   5.0000000000000000e-01  8.7389199680984042e-01  1.0200293085397405e+00  9.8496385827383448e-01
190   0.0000000000000000e+00  1.3271976401984937e+00  1.5206677341455355e+00  9.8872289370537592e-01
191   8.3333333333333343e-02  1.3271976401984937e+00  1.5206677341455355e+00  9.8872289370537592e-01
192   2.5000000000000000e-01  1.3271976401984937e+00  1.5206677341455355e+00  9.8872289370537592e-01
193   4.1666666666666669e-01  1.3271976401984937e+00  1.5206677341455355e+00  9.8872289370537592e-01
194   5.0000000000000000e-01  1.3271976401984937e+00  1.5206677341455355e+00  9.8872289370537592e-01
195   0.0000000000000000e+00  2.0007299008808670e+00  2.2645281636386465e+00  9.9436144685268801e-01
196   8.3333333333333343e-02  2.0007299008808670e+00  2.2645281636386465e+00  9.9436144685268801e-01
197   2.5000000000000000e-01  2.0007299008808670e+00  2.2645281636386465e+00  9.9436144685268801e-01
198   4.1666666666666669e-01  2.0007299008808670e+00  2.2645281636386465e+00  9.9436144685268801e-01
199   5.0000000000000000e-01  2.0007299008808670e+00  2.2645281636386465e+00  9.9436144685268801e-01
200   0.0000000000000000e+00  2.4455237426435255e+00  2.7557660114505018e+00  9.9812048228422934e-01
201   8.3333333333333343e-02  2.4455237426435255e+00  2.7557660114505018e+00  9.9812048228422934e-01
202   2.5000000000000000e-01  2.4455237426435255e+00  2.7557660114505018e+00  9.9812048228422934e-01
203   4.1666666666666674e-01  2.4455237426435255e+00  2.7557660114505018e+00  9.9812048228422934e-01
204   5.0000000000000000e-01  2.4455237426435255e+00  2.7557660114505018e+00  9.9812048228422934e-01
205   0.0000000000000000e+00  2.6666666666666665e+00  3.0000000000000000e+00  1.0000000000000000e+00
206   8.3333333333333343e-02  2.6666666666666665e+00  3.0000000000000000e+00  1.0000000000000000e+00
207   2.5000000000000000e-01  2.6666666666666665e+00  3.0000000000000000e+00  1.0000000000000000e+00
208   4.1666666666666674e-01  2.6666666666666665e+00  3.0000000000000000e+00  1.0000000000000000e+00
209   5.0000000000000000e-01  2.6666666666666665e+00  3.0000000000000000e+00  1.0000000000000000e+00
210   0.0000000000000000e+00  5.0650049668273522e-01  8.7576978228019375e-01  9.6053012796881554e-01
211   8.3333333333333329e-02  5.0650049668273533e-01  8.7576978228019375e-01  9.6053012796881554e-01
212   2.5000000000000006e-01  5.0650049668273533e-01  8.7576978228019375e-01  9.6053012796881554e-01
213   4.1666666666666663e-01  5.0650049668273522e-01  8.7576978228019375e-01  9.6053012796881554e-01
214   5.0000000000000000e-01  5.0650049668273522e-01  8.7576978228019375e-01  9.6053012796881554e-01
215   0.0000000000000000e+00  6.7847862341052823e-01  1.1203772513624370e+00  9.6491566930561390e-01
216   8.3333333333333315e-02  6.7847862341052823e-01  1.1203772513624370e+00  9.6491566930561390e-01
217   2.5000000000000000e-01  6.7847862341052823e-01  1.1203772513624370e+00  9.6491566930561390e-01
218   4.1666666666666657e-01  6.7847862341052823e-01  1.1203772513624370e+00  9.6491566930561390e-01
219   5.0000000000000000e-01  6.7847862341052823e-01  1.1203772513624370e+00  9.6491566930561390e-01
220   0.0000000000000000e+00  1.0177872804049926e+00  1.6029818325629255e+00  9.7368675197921051e-01
221   8.3333333333333315e-02  1.0177872804049926e+00  1.6029818325629255e+00  9.7368675197921051e-01
222   2.5000000000000000e-01  1.0177872804049926e+00  1.6029818325629255e+00  9.7368675197921051e-01
223   4.1666666666666663e-01  1.0177872804049926e+00  1.6029818325629255e+00  9.7368675197921051e-01
224   5.0000000000000000e-01  1.0177872804049926e+00  1.6029818325629255e+00  9.7368675197921051e-01
225   0.0000000000000000e+00  1.5154410841861883e+00  2.3108034592907467e+00  9.8684337598960514e-01
226   8.3333333333333343e-02  1.5154410841861883e+00  2.3108034592907467e+00  9.8684337598960514e-01
227   2.5000000000000006e-01  1.5154410841861883e+00  2.3108034592907467e+00  9.8684337598960514e-01
228   4.1666666666666674e-01  1.5154410841861883e+00  2.3108034592907467e+00  9.8684337598960514e-01
229   5.0000000000000000e-01  1.5154410841861883e+00  2.3108034592907467e+00  9.8684337598960514e-01
230   0.0000000000000000e+00  1.8399033038720576e+00  2.7722916954999235e+00  9.9561445866320186e-01
231   8.3333333333333343e-02  1.8399033038720576e+00  2.7722916954999235e+00  9.9561445866320186e-01
232   2.5000000000000000e-01  1.8399033038720576e+00  2.7722916954999235e+00  9.9561445866320186e-01
233   4.1666666666666669e-01  1.8399033038720576e+00  2.7722916954999235e+00  9.9561445866320186e-01
234   5.0000000000000000e-01  1.8399033038720576e+00  2.7722916954999235e+00  9.9561445866320186e-01
235   0.0000000000000000e+00  2.0000000000000000e+00  3.0000000000000000e+00  1.0000000000000000e+00
236   8.3333333333333343e-02  2.0000000000000000e+00  3.0000000000000000e+00  1.0000000000000000e+00
237   2.5000000000000000e-01  2.0000000000000000e+00  3.0000000000000000e+00  1.0000000000000000e+00
238   4.1666666666666674e-01  2.0000000000000000e+00  3.0000000000000000e+00  1.0000000000000000e+00
239   5.0000000000000000e-01  2.0000000000000000e+00  3.0000000000000000e+00  1.0000000000000000e+00
240   0.0000000000000000e+00  2.6111281592987484e-01  9.7741268768730794e-01  9.6053012796881543e-01
241   8.3333333333333343e-02  2.6111281592987490e-01  9.7741268768730794e-01  9.6053012796881543e-01
242   2.5000000000000006e-01  2.6111281592987490e-01  9.7741268768730794e-01  9.6053012796881543e-01
243   4.1666666666666663e-01  2.6111281592987484e-01  9.7741268768730794e-01  9.6053012796881543e-01
244   5.0000000000000000e-01  2.6111281592987484e-01  9.7741268768730794e-01  9.6053012796881543e-01
245   0.0000000000000000e+00  3.4619649590252227e-01  1.2103158633109601e+00  9.6491566930561368e-01
246   8.3333333333333343e-02  3.4619649590252227e-01  1.2103158633109601e+00  9.6491566930561368e-01
247   2.5000000000000006e-01  3.4619649590252227e-01  1.2103158633109601e+00  9.6491566930561368e-01
248   4.1666666666666669e-01  3.4619649590252227e-01  1.2103158633109601e+00  9.6491566930561368e-01
249   5.0000000000000000e-01  3.4619649590252227e-01  1.2103158633109601e+00  9.6491566930561368e-01
250   0.0000000000000000e+00  5.1406452501159994e-01  1.6698281584744592e+00  9.7368675197921040e-01
251   8.3333333333333329e-02  5.1406452501159994e-01  1.6698281584744592e+00  9.7368675197921040e-01
252   2.5000000000000000e-01  5.1406452501159994e-01  1.6698281584744592e+00  9.7368675197921040e-01
253   4.1666666666666669e-01  5.1406452501159994e-01  1.6698281584744592e+00  9.7368675197921040e-01
254   5.0000000000000000e-01  5.1406452501159994e-01  1.6698281584744592e+00  9.7368675197921040e-01
255   0.0000000000000000e+00  7.6027151530583226e-01  2.3437810236855401e+00  9.8684337598960514e-01
256   8.3333333333333343e-02  7.6027151530583226e-01  2.3437810236855401e+00  9.8684337598960514e-01
257   2.5000000000000006e-01  7.6027151530583226e-01  2.3437810236855401e+00  9.8684337598960514e-01
258   4.1666666666666674e-01  7.6027151530583226e-01  2.3437810236855401e+00  9.8684337598960514e-01
259   5.0000000000000000e-01  7.6027151530583226e-01  2.3437810236855401e+00  9.8684337598960514e-01
260   0.0000000000000000e+00  9.2079448522201712e-01  2.7831873759500212e+00  9.9561445866320175e-01
261   8.3333333333333356e-02  9.2079448522201712e-01  2.7831873759500212e+00  9.9561445866320175e-01
262   2.5000000000000006e-01  9.2079448522201712e-01  2.7831873759500212e+00  9.9561445866320175e-01
263   4.1666666666666674e-01  9.2079448522201712e-01  2.7831873759500212e+00  9.9561445866320175e-01
264   5.0000000000000000e-01  9.2079448522201712e-01  2.7831873759500212e+00  9.9561445866320175e-01
265   0.0000000000000000e+00  1.0000000000000000e+00  3.0000000000000000e+00  1.0000000000000000e+00
266   8.3333333333333343e-02  1.0000000000000000e+00  3.0000000000000000e+00  1.0000000000000000e+00
267   2.5000000000000000e-01  1.0000000000000000e+00  3.0000000000000000e+00  1.0000000000000000e+00
268   4.1666666666666674e-01  1.0000000000000000e+00  3.0000000000000000e+00  1.0000000000000000e+00
269   5.0000000000000000e-01  1.0000000000000000e+00  3.0000000000000000e+00  1.0000000000000000e+00
270   0.0000000000000000e+00  8.6504035553575151e-02  1.0000000000000000e+00  9.8308434055806371e-01
271   8.3333333333333343e-02  8.6504035553575151e-02  1.0000000000000000e+00  9.8308434055806371e-01
272   2.5000000000000006e-01  8.6504035553575151e-02  1.0000000000000000e+00  9.8308434055806371e-01
273   4.1666666666666674e-01  8.6504035553575151e-02  1.0000000000000000e+00  9.8308434055806371e-01
274   5.0000000000000000e-01  8.6504035553575151e-02  1.0000000000000000e+00  9.8308434055806371e-01
275   0.0000000000000000e+00  1.1434818161102324e-01  1.2256145952519217e+00  9.8496385827383448e-01
276   8.3333333333333343e-02  1.1434818161102324e-01  1.2256145952519217e+00  9.8496385827383448e-01
277   2.5000000000000000e-01  1.1434818161102324e-01  1.2256145952519217e+00  9.8496385827383448e-01
278   4.1666666666666669e-01  1.1434818161102324e-01  1.2256145952519217e+00  9.8496385827383448e-01
279   5.0000000000000000e-01  1.1434818161102324e-01  1.2256145952519217e+00  9.8496385827383448e-01
280   0.0000000000000000e+00  1.6971889091604223e-01  1.6742704866155584e+00  9.8872289370537580e-01
281   8.3333333333333343e-02  1.6971889091604223e-01  1.6742704866155584e+00  9.8872289370537580e-01
282   2.5000000000000000e-01  1.6971889091604223e-01  1.6742704866155584e+00  9.8872289370537580e-01
283   4.1666666666666674e-01  1.6971889091604223e-01  1.6742704866155584e+00  9.8872289370537580e-01
284   5.0000000000000000e-01  1.6971889091604223e-01  1.6742704866155584e+00  9.8872289370537580e-01
285   0.0000000000000000e+00  2.5199000215791351e-01  2.3408940356180796e+00  9.9436144685268790e-01
286   8.3333333333333356e-02  2.5199000215791351e-01  2.3408940356180796e+00  9.9436144685268790e-01
287   2.5000000000000006e-01  2.5199000215791351e-01  2.3408940356180796e+00  9.9436144685268790e-01
288   4.1666666666666674e-01  2.5199000215791351e-01  2.3408940356180796e+00  9.9436144685268790e-01
289   5.0000000000000000e-01  2.5199000215791351e-01  2.3408940356180796e+00  9.9436144685268790e-01
290   0.0000000000000000e+00  3.0632100569185100e-01  2.7811254345860918e+00  9.9812048228422934e-01
291   8.3333333333333343e-02  3.0632100569185100e-01  2.7811254345860918e+00  9.9812048228422934e-01
292   2.5000000000000000e-01  3.0632100569185100e-01  2.7811254345860918e+00  9.9812048228422934e-01
293   4.1666666666666674e-01  3.0632100569185100e-01  2.7811254345860918e+00  9.9812048228422934e-01
294   5.0000000000000000e-01  3.0632100569185100e-01  2.7811254345860918e+00  9.9812048228422934e-01
295   0.0000000000000000e+00  3.3333333333333337e-01  3.0000000000000000e+00  1.0000000000000000e+00
296   8.3333333333333343e-02  3.3333333333333337e-01  3.0000000000000000e+00  1.0000000000000000e+00
297   2.5000000000000000e-01  3.3333333333333337e-01  3.0000000000000000e+00  1.0000000000000000e+00
298   4.1666666666666674e-01  3.3333333333333337e-01  3.0000000000000000e+00  1.0000000000000000e+00
299   5.0000000000000000e-01  3.3333333333333337e-01  3.0000000000000000e+00  1.0000000000000000e+00
300   0.0000000000000000e+00  0.0000000000000000e+00  1.0000000000000000e+00  1.0000000000000000e+00
301   8.3333333333333343e-02  0.0000000000000000e+00  1.0000000000000000e+00  1.0000000000000000e+00
302   2.5000000000000000e-01  0.0000000000000000e+00  1.0000000000000000e+00  1.0000000000000000e+00
303   4.1666666666666669e-01  0.0000000000000000e+00  1.0000000000000000e+00  1.0000000000000000e+00
304   5.0000000000000000e-01  0.0000000000000000e+00  1.0000000000000000e+00  1.0000000000000000e+00
305   0.0000000000000000e+00  0.0000000000000000e+00  1.2222222222222223e+00  1.0000000000000000e+00
306   8.3333333333333343e-02  0.0000000000000000e+00  1.2222222222222223e+00  1.0000000000000000e+00
307   2.5000000000000000e-01  0.0000000000000000e+00  1.2222222222222223e+00  1.0000000000000000e+00
308   4.1666666666666674e-01  0.0000000000000000e+00  1.2222222222222223e+00  1.0000000000000000e+00
309   5.0000000000000000e-01  0.0000000000000000e+00  1.2222222222222223e+00  1.0000000000000000e+00
310   0.0000000000000000e+00  0.0000000000000000e+00  1.6666666666666667e+00  1.0000000000000000e+00
311   8.3333333333333343e-02  0.0000000000000000e+00  1.6666666666666667e+00  1.0000000000000000e+00
312   2.5000000000000000e-01  0.0000000000000000e+00  1.6666666666666667e+00  1.0000000000000000e+00
313   4.1666666666666674e-01  0.0000000000000000e+00  1.6666666666666667e+00  1.0000000000000000e+00
314   5.0000000000000000e-01  0.0000000000000000e+00  1.6666666666666667e+00  1.0000000000000000e+00
315   0.0000000000000000e+00  0.0000000000000000e+00  2.3333333333333335e+00  1.0000000000000000e+00
316   8.3333333333333343e-02  0.0000000000000000e+00  2.3333333333333335e+00  1.0000000000000000e+00
317   2.5000000000000000e-01  0.0000000000000000e+00  2.3333333333333335e+00  1.0000000000000000e+00
318   4.1666666666666674e-01  0.0000000000000000e+00  2.3333333333333335e+00  1.0000000000000000e+00
319   5.0000000000000000e-01  0.0000000000000000e+00  2.3333333333333335e+00  1.0000000000000000e+00
320   0.0000000000000000e+00  0.0000000000000000e+00  2.7777777777777777e+00  1.0000000000000000e+00
321   8.3333333333333343e-02  0.0000000000000000e+00  2.7777777777777777e+00  1.0000000000000000e+00
322   2.5000000000000000e-01  0.0000000000000000e+00  2.7777777777777777e+00  1.0000000000000000e+00
323   4.1666666666666674e-01  0.0000000000000000e+00  2.7777777777777777e+00  1.0000000000000000e+00
324   5.0000000000000000e-01  0.0000000000000000e+00  2.7777777777777777e+00  1.0000000000000000e+00
325   0.0000000000000000e+00  0.0000000000000000e+00  3.0000000000000000e+00  1.0000000000000000e+00
326   8.3333333333333343e-02  0.0000000000000000e+00  3.0000000000000000e+00  1.0000000000000000e+00
327   2.5000000000000000e-01  0.0000000000000000e+00  3.0000000000000000e+00  1.0000000000000000e+00
328   4.1666666666666669e-01  0.0000000000000000e+00  3.0000000000000000e+00  1.0000000000000000e+00
329   5.0000000000000000e-01  0.0000000000000000e+00  3.0000000000000000e+00  1.0000000000000000e+00

0    0    0.000000e+00
5    0    0.000000e+00
10   0    0.000000e+00
15   0    0.000000e+00
20   0    0.000000e+00
25   0    0.000000e+00
30   0    0.000000e+00
35   0    0.000000e+00
40   0    0.000000e+00
45   0    0.000000e+00
50   0    0.000000e+00
55   0    0.000000e+00
60   0    0.000000e+00
65   0    0.000000e+00
70   0    0.000000e+00
75   0    0.000000e+00
80   0    0.000000e+00
85   0    0.000000e+00
90   0    0.000000e+00
95   0    0.000000e+00
100  0    0.000000e+00
105  0    0.000000e+00
110  0    0.000000e+00
115  0    0.000000e+00
120  0    0.000000e+00
125  0    0.000000e+00
130  0    0.000000e+00
135  0    0.000000e+00
140  0    0.000000e+00
145  0    0.000000e+00
150  0    0.000000e+00
155  0    0.000000e+00
160  0    0.000000e+00
165  0    0.000000e+00
170  0    0.000000e+00
175  0    0.000000e+00
180  0    0.000000e+00
185  0    0.000000e+00
190  0    0.000000e+00
195  0    0.000000e+00
200  0    0.000000e+00
205  0    0.000000e+00
210  0    0.000000e+00
215  0    0.000000e+00
220  0    0.000000e+00
225  0    0.000000e+00
230  0    0.000000e+00
235  0    0.000000e+00
240  0    0.000000e+00
245  0    0.000000e+00
250  0    0.000000e+00
255  0    0.000000e+00
260  0    0.000000e+00
265  0    0.000000e+00
270  0    0.000000e+00
275  0    0.000000e+00
280  0    0.000000e+00
285  0    0.000000e+00
290  0    0.000000e+00
295  0    0.000000e+00
300  0    0.000000e+00
305  0    0.000000e+00
310  0    0.000000e+00
315  0    0.000000e+00
320  0    0.000000e+00
325  0    0.000000e+00
300  1    0.000000e+00
301  1    0.000000e+00
302  1    0.000000e+00
303  1    0.000000e+00
304  1    0.000000e+00
305  1    0.000000e+00
306  1    0.000000e+00
307  1    0.000000e+00
308  1    0.000000e+00
309  1    0.000000e+00
310  1    0.000000e+00
311  1    0.000000e+00
312  1    0.000000e+00
313  1    0.000000e+00
314  1    0.000000e+00
315  1    0.000000e+00
316  1    0.000000e+00
317  1    0.000000e+00
318  1    0.000000e+00
319  1    0.000000e+00
320  1    0.000000e+00
321  1    0.000000e+00
322  1    0.000000e+00
323  1    0.000000e+00
324  1    0.000000e+00
325  1    0.000000e+00
326  1    0.000000e+00
327  1    0.000000e+00
328  1    0.000000e+00
329  1    0.000000e+00
0    2    0.000000e+00
1    2    0.000000e+00
2    2    0.000000e+00
3    2    0.000000e+00
4    2    0.000000e+00
5    2    0.000000e+00
6    2    0.000000e+00
7    2    0.000000e+00
8    2    0.000000e+00
9    2    0.000000e+00
10   2    0.000000e+00
11   2    0.000000e+00
12   2    0.000000e+00
13   2    0.000000e+00
14   2    0.000000e+00
15   2    0.000000e+00
16   2    0.000000e+00
17   2    0.000000e+00
18   2    0.000000e+00
19   2    0.000000e+00
20   2    0.000000e+00
21   2    0.000000e+00
22   2    0.000000e+00
23   2    0.000000e+00
24   2    0.000000e+00
25   2    0.000000e+00
26   2    0.000000e+00
27   2    0.000000e+00
28   2    0.000000e+00
29   2    0.000000e+00
175  2    1.000000e+00
176  2    1.000000e+00
177  2    1.000000e+00
178  2    1.000000e+00
179  2    1.000000e+00
205  2    1.000000e+00
206  2    1.000000e+00
207  2    1.000000e+00
208  2    1.000000e+00
209  2    1.000000e+00
235  2    1.000000e+00
236  2    1.000000e+00
237  2    1.000000e+00
238  2    1.000000e+00
239  2    1.000000e+00
265  2    1.000000e+00
266  2    1.000000e+00
267  2    1.000000e+00
268  2    1.000000e+00
269  2    1.000000e+00
295  2    1.000000e+00
296  2    1.000000e+00
297  2    1.000000e+00
298  2    1.000000e+00
299  2    1.000000e+00
325  2    1.000000e+00
326  2    1.000000e+00
327  2    1.000000e+00
328  2    1.000000e+00
329  2    1.000000e+00

