3

1000  3.000000e-01

2

396

3    3    3
3    3    3

10   10   10
10   10   10

6    6    6
6    6    6

0    1    2    3    4    5    6    7    8    9    10   11   12   13   14   15   16   17   18   19   20   21   22   23   24   25   26   27   28   29   30   31   32   33   34   35   36   37   38   39   40   41   42   43   44   45   46   47   48   49   50   51   52   53   54   55   56   57   58   59   60   61   62   63   64   65   66   67   68   69   70   71   72   73   74   75   76   77   78   79   80   81   82   83   84   85   86   87   88   89   90   91   92   93   94   95   96   97   98   99   100  101  102  103  104  105  106  107  108  109  110  111  112  113  114  115  116  117  118  119  120  121  122  123  124  125  126  127  128  129  130  131  132  133  134  135  136  137  138  139  140  141  142  143  144  145  146  147  148  149  150  151  152  153  154  155  156  157  158  159  160  161  162  163  164  165  166  167  168  169  170  171  172  173  174  175  176  177  178  179  180  181  182  183  184  185  186  187  188  189  190  191  192  193  194  195  196  197  198  199  200  201  202  203  204  205  206  207  208  209  210  211  212  213  214  215
180  181  182  183  184  185  186  187  188  189  190  191  192  193  194  195  196  197  198  199  200  201  202  203  204  205  206  207  208  209  210  211  212  213  214  215  216  217  218  219  220  221  222  223  224  225  226  227  228  229  230  231  232  233  234  235  236  237  238  239  240  241  242  243  244  245  246  247  248  249  250  251  252  253  254  255  256  257  258  259  260  261  262  263  264  265  266  267  268  269  270  271  272  273  274  275  276  277  278  279  280  281  282  283  284  285  286  287  288  289  290  291  292  293  294  295  296  297  298  299  300  301  302  303  304  305  306  307  308  309  310  311  312  313  314  315  316  317  318  319  320  321  322  323  324  325  326  327  328  329  330  331  332  333  334  335  336  337  338  339  340  341  342  343  344  345  346  347  348  349  350  351  352  353  354  355  356  357  358  359  360  361  362  363  364  365  366  367  368  369  370  371  372  373  374  375  376  377  378  379  380  381  382  383  384  385  386  387  388  389  390  391  392  393  394  395

804  0    0

0.0000000000000000e+00  0.0000000000000000e+00  0.0000000000000000e+00  0.0000000000000000e+00  3.3333333333333331e-01  6.6666666666666663e-01  1.0000000000000000e+00  1.0000000000000000e+00  1.0000000000000000e+00  1.0000000000000000e+00
0.0000000000000000e+00  0.0000000000000000e+00  0.0000000000000000e+00  0.0000000000000000e+00  3.3333333333333331e-01  6.6666666666666663e-01  1.0000000000000000e+00  1.0000000000000000e+00  1.0000000000000000e+00  1.0000000000000000e+00
0.0000000000000000e+00  0.0000000000000000e+00  0.0000000000000000e+00  0.0000000000000000e+00  3.3333333333333331e-01  6.6666666666666663e-01  1.0000000000000000e+00  1.0000000000000000e+00  1.0000000000000000e+00  1.0000000000000000e+00
0.0000000000000000e+00  0.0000000000000000e+00  0.0000000000000000e+00  0.0000000000000000e+00  3.3333333333333331e-01  6.6666666666666663e-01  1.0000000000000000e+00  1.0000000000000000e+00  1.0000000000000000e+00  1.0000000000000000e+00
0.0000000000000000e+00  0.0000000000000000e+00  0.0000000000000000e+00  0.0000000000000000e+00  3.3333333333333331e-01  6.6666666666666663e-01  1.0000000000000000e+00  1.0000000000000000e+00  1.0000000000000000e+00  1.0000000000000000e+00
0.0000000000000000e+00  0.0000000000000000e+00  0.0000000000000000e+00  0.0000000000000000e+00  3.3333333333333331e-01  6.6666666666666663e-01  1.0000000000000000e+00  1.0000000000000000e+00  1.0000000000000000e+00  1.0000000000000000e+00

0     0.0000000000000000e+00  1.0000000000000000e+00  0.0000000000000000e+00  1.0000000000000000e+00
1     5.5555555555555559e-02  1.0000000000000000e+00  0.0000000000000000e+00  1.0000000000000000e+00
2     1.6666666666666669e-01  1.0000000000000000e+00  0.0000000000000000e+00  1.0000000000000000e+00
3     3.3333333333333337e-01  1.0000000000000000e+00  0.0000000000000000e+00  1.0000000000000000e+00
4     4.4444444444444442e-01  1.0000000000000000e+00  0.0000000000000000e+00  1.0000000000000000e+00
5     5.0000000000000000e-01  1.0000000000000000e+00  0.0000000000000000e+00  1.0000000000000000e+00
6     0.0000000000000000e+00  1.1111111111111112e+00  0.0000000000000000e+00  1.0000000000000000e+00
7     5.5555555555555559e-02  1.1111111111111112e+00  0.0000000000000000e+00  1.0000000000000000e+00
8     1.6666666666666669e-01  1.1111111111111112e+00  0.0000000000000000e+00  1.0000000000000000e+00
9     3.3333333333333337e-01  1.1111111111111112e+00  0.0000000000000000e+00  1.0000000000000000e+00
10    4.4444444444444448e-01  1.1111111111111112e+00  0.0000000000000000e+00  1.0000000000000000e+00
11    5.0000000000000000e-01  1.1111111111111112e+00  0.0000000000000000e+00  1.0000000000000000e+00
12    0.0000000000000000e+00  1.3333333333333335e+00  0.0000000000000000e+00  1.0000000000000000e+00
13    5.5555555555555566e-02  1.3333333333333335e+00  0.0000000000000000e+00  1.0000000000000000e+00
14    1.6666666666666669e-01  1.3333333333333335e+00  0.0000000000000000e+00  1.0000000000000000e+00
15    3.3333333333333337e-01  1.3333333333333335e+00  0.0000000000000000e+00  1.0000000000000000e+00
16    4.4444444444444442e-01  1.3333333333333335e+00  0.0000000000000000e+00  1.0000000000000000e+00
17    5.0000000000000000e-01  1.3333333333333335e+00  0.0000000000000000e+00  1.0000000000000000e+00
18    0.0000000000000000e+00  1.6666666666666667e+00  0.0000000000000000e+00  1.0000000000000000e+00
19    5.5555555555555566e-02  1.6666666666666670e+00  0.0000000000000000e+00  1.0000000000000000e+00
20    1.6666666666666669e-01  1.6666666666666670e+00  0.0000000000000000e+00  1.0000000000000000e+00
21    3.3333333333333337e-01  1.6666666666666670e+00  0.0000000000000000e+00  1.0000000000000000e+00
22    4.4444444444444442e-01  1.6666666666666670e+00  0.0000000000000000e+00  1.0000000000000000e+00
23    5.0000000000000000e-01  1.6666666666666667e+00  0.0000000000000000e+00  1.0000000000000000e+00
24    0.0000000000000000e+00  1.8888888888888888e+00  0.0000000000000000e+00  1.0000000000000000e+00
25    5.5555555555555552e-02  1.8888888888888888e+00  0.0000000000000000e+00  1.0000000000000000e+00
26    1.6666666666666669e-01  1.8888888888888888e+00  0.0000000000000000e+00  1.0000000000000000e+00
27    3.3333333333333337e-01  1.8888888888888888e+00  0.0000000000000000e+00  1.0000000000000000e+00
28    4.4444444444444442e-01  1.8888888888888888e+00  0.0000000000000000e+00  1.0000000000000000e+00
29    5.0000000000000000e-01  1.8888888888888888e+00  0.0000000000000000e+00  1.0000000000000000e+00
30    0.0000000000000000e+00  2.0000000000000000e+00  0.0000000000000000e+00  1.0000000000000000e+00
31    5.5555555555555559e-02  2.0000000000000000e+00  0.0000000000000000e+00  1.0000000000000000e+00
32    1.6666666666666669e-01  2.0000000000000000e+00  0.0000000000000000e+00  1.0000000000000000e+00
33    3.3333333333333337e-01  2.0000000000000000e+00  0.0000000000000000e+00  1.0000000000000000e+00
34    4.4444444444444442e-01  2.0000000000000000e+00  0.0000000000000000e+00  1.0000000000000000e+00
35    5.0000000000000000e-01  2.0000000000000000e+00  0.0000000000000000e+00  1.0000000000000000e+00
36    0.0000000000000000e+00  1.0000000000000000e+00  8.6504035553575137e-02  9.8308434055806382e-01
37    5.5555555555555552e-02  1.0000000000000000e+00  8.6504035553575137e-02  9.8308434055806382e-01
38    1.6666666666666666e-01  1.0000000000000000e+00  8.6504035553575137e-02  9.8308434055806382e-01
39    3.3333333333333331e-01  1.0000000000000000e+00  8.6504035553575137e-02  9.8308434055806382e-01
40    4.4444444444444448e-01  1.0000000000000000e+00  8.6504035553575137e-02  9.8308434055806382e-01
41    5.0000000000000000e-01  1.0000000000000000e+00  8.6504035553575137e-02  9.8308434055806382e-01
42    0.0000000000000000e+00  1.1111111111111112e+00  9.6115595059527950e-02  9.8308434055806382e-01
43    5.5555555555555559e-02  1.1111111111111112e+00  9.6115595059527950e-02  9.8308434055806382e-01
44    1.6666666666666666e-01  1.1111111111111112e+00  9.6115595059527950e-02  9.8308434055806382e-01
45    3.3333333333333331e-01  1.1111111111111112e+00  9.6115595059527950e-02  9.8308434055806382e-01
46    4.4444444444444448e-01  1.1111111111111112e+00  9.6115595059527950e-02  9.8308434055806382e-01
47    5.0000000000000000e-01  1.1111111111111112e+00  9.6115595059527950e-02  9.8308434055806382e-01
48    0.0000000000000000e+00  1.3333333333333333e+00  1.1533871407143353e-01  9.8308434055806382e-01
49    5.5555555555555566e-02  1.3333333333333333e+00  1.1533871407143353e-01  9.8308434055806382e-01
50    1.6666666666666666e-01  1.3333333333333333e+00  1.1533871407143353e-01  9.8308434055806382e-01
51    3.3333333333333331e-01  1.3333333333333333e+00  1.1533871407143353e-01  9.8308434055806382e-01
52    4.4444444444444448e-01  1.3333333333333333e+00  1.1533871407143353e-01  9.8308434055806382e-01
53    5.0000000000000000e-01  1.3333333333333333e+00  1.1533871407143353e-01  9.8308434055806382e-01
54    0.0000000000000000e+00  1.6666666666666667e+00  1.4417339258929190e-01  9.8308434055806382e-01
55    5.5555555555555566e-02  1.6666666666666670e+00  1.4417339258929190e-01  9.8308434055806382e-01
56    1.6666666666666666e-01  1.6666666666666670e+00  1.4417339258929190e-01  9.8308434055806382e-01
57    3.3333333333333331e-01  1.6666666666666670e+00  1.4417339258929190e-01  9.8308434055806382e-01
58    4.4444444444444448e-01  1.6666666666666667e+00  1.4417339258929190e-01  9.8308434055806382e-01
59    5.0000000000000000e-01  1.6666666666666667e+00  1.4417339258929190e-01  9.8308434055806382e-01
60    0.0000000000000000e+00  1.8888888888888888e+00  1.6339651160119747e-01  9.8308434055806382e-01
61    5.5555555555555552e-02  1.8888888888888888e+00  1.6339651160119747e-01  9.8308434055806382e-01
62    1.6666666666666666e-01  1.8888888888888888e+00  1.6339651160119747e-01  9.8308434055806382e-01
63    3.3333333333333331e-01  1.8888888888888888e+00  1.6339651160119747e-01  9.8308434055806382e-01
64    4.4444444444444448e-01  1.8888888888888888e+00  1.6339651160119747e-01  9.8308434055806382e-01
65    5.0000000000000000e-01  1.8888888888888888e+00  1.6339651160119747e-01  9.8308434055806382e-01
66    0.0000000000000000e+00  2.0000000000000000e+00  1.7300807110715027e-01  9.8308434055806382e-01
67    5.5555555555555552e-02  2.0000000000000000e+00  1.7300807110715027e-01  9.8308434055806382e-01
68    1.6666666666666666e-01  2.0000000000000000e+00  1.7300807110715027e-01  9.8308434055806382e-01
69    3.3333333333333331e-01  2.0000000000000000e+00  1.7300807110715027e-01  9.8308434055806382e-01
70    4.4444444444444448e-01  2.0000000000000000e+00  1.7300807110715027e-01  9.8308434055806382e-01
71    5.0000000000000000e-01  2.0000000000000000e+00  1.7300807110715027e-01  9.8308434055806382e-01
72    0.0000000000000000e+00  9.7741268768730805e-01  2.6111281592987484e-01  9.6053012796881554e-01
73    5.5555555555555552e-02  9.7741268768730805e-01  2.6111281592987484e-01  9.6053012796881554e-01
74    1.6666666666666666e-01  9.7741268768730805e-01  2.6111281592987484e-01  9.6053012796881554e-01
75    3.3333333333333331e-01  9.7741268768730805e-01  2.6111281592987484e-01  9.6053012796881554e-01
76    4.4444444444444442e-01  9.7741268768730805e-01  2.6111281592987484e-01  9.6053012796881554e-01
77    5.0000000000000000e-01  9.7741268768730805e-01  2.6111281592987484e-01  9.6053012796881554e-01
78    0.0000000000000000e+00  1.0860140974303423e+00  2.9012535103319431e-01  9.6053012796881554e-01
79    5.5555555555555546e-02  1.0860140974303423e+00  2.9012535103319431e-01  9.6053012796881565e-01
80    1.6666666666666666e-01  1.0860140974303423e+00  2.9012535103319431e-01  9.6053012796881554e-01
81    3.3333333333333331e-01  1.0860140974303423e+00  2.9012535103319431e-01  9.6053012796881554e-01
82    4.4444444444444442e-01  1.0860140974303423e+00  2.9012535103319431e-01  9.6053012796881554e-01
83    5.0000000000000000e-01  1.0860140974303423e+00  2.9012535103319431e-01  9.6053012796881554e-01
84    0.0000000000000000e+00  1.3032169169164105e+00  3.4815042123983309e-01  9.6053012796881554e-01
85    5.5555555555555552e-02  1.3032169169164105e+00  3.4815042123983309e-01  9.6053012796881565e-01
86    1.6666666666666666e-01  1.3032169169164105e+00  3.4815042123983314e-01  9.6053012796881554e-01
87    3.3333333333333331e-01  1.3032169169164105e+00  3.4815042123983314e-01  9.6053012796881554e-01
88    4.4444444444444442e-01  1.3032169169164105e+00  3.4815042123983314e-01  9.6053012796881554e-01
89    5.0000000000000000e-01  1.3032169169164105e+00  3.4815042123983309e-01  9.6053012796881554e-01
90    0.0000000000000000e+00  1.6290211461455131e+00  4.3518802654979144e-01  9.6053012796881554e-01
91    5.5555555555555552e-02  1.6290211461455131e+00  4.3518802654979138e-01  9.6053012796881565e-01
92    1.6666666666666666e-01  1.6290211461455133e+00  4.3518802654979144e-01  9.6053012796881554e-01
93    3.3333333333333331e-01  1.6290211461455133e+00  4.3518802654979144e-01  9.6053012796881554e-01
94    4.4444444444444442e-01  1.6290211461455131e+00  4.3518802654979144e-01  9.6053012796881554e-01
95    5.0000000000000000e-01  1.6290211461455131e+00  4.3518802654979144e-01  9.6053012796881554e-01
96    0.0000000000000000e+00  1.8462239656315815e+00  4.9321309675643027e-01  9.6053012796881554e-01
97    5.5555555555555552e-02  1.8462239656315815e+00  4.9321309675643027e-01  9.6053012796881554e-01
98    1.6666666666666666e-01  1.8462239656315815e+00  4.9321309675643027e-01  9.6053012796881554e-01
99    3.3333333333333331e-01  1.8462239656315815e+00  4.9321309675643027e-01  9.6053012796881554e-01
100   4.4444444444444442e-01  1.8462239656315815e+00  4.9321309675643027e-01  9.6053012796881554e-01
101   5.0000000000000000e-01  1.8462239656315815e+00  4.9321309675643027e-01  9.6053012796881554e-01
102   0.0000000000000000e+00  1.9548253753746161e+00  5.2222563185974968e-01  9.6053012796881554e-01
103   5.5555555555555552e-02  1.9548253753746161e+00  5.2222563185974968e-01  9.6053012796881554e-01
104   1.6666666666666666e-01  1.9548253753746161e+00  5.2222563185974968e-01  9.6053012796881554e-01
105   3.3333333333333331e-01  1.9548253753746161e+00  5.2222563185974968e-01  9.6053012796881554e-01
106   4.4444444444444442e-01  1.9548253753746161e+00  5.2222563185974968e-01  9.6053012796881554e-01
107   5.0000000000000000e-01  1.9548253753746161e+00  5.2222563185974968e-01  9.6053012796881554e-01
108   0.0000000000000000e+00  8.7576978228019386e-01  5.0650049668273522e-01  9.6053012796881543e-01
109   5.5555555555555552e-02  8.7576978228019386e-01  5.0650049668273533e-01  9.6053012796881554e-01
110   1.6666666666666669e-01  8.7576978228019398e-01  5.0650049668273533e-01  9.6053012796881543e-01
111   3.3333333333333337e-01  8.7576978228019398e-01  5.0650049668273533e-01  9.6053012796881543e-01
112   4.4444444444444442e-01  8.7576978228019386e-01  5.0650049668273533e-01  9.6053012796881543e-01
113   5.0000000000000000e-01  8.7576978228019386e-01  5.0650049668273522e-01  9.6053012796881543e-01
114   0.0000000000000000e+00  9.7307753586688195e-01  5.6277832964748375e-01  9.6053012796881554e-01
115   5.5555555555555552e-02  9.7307753586688195e-01  5.6277832964748375e-01  9.6053012796881554e-01
116   1.6666666666666666e-01  9.7307753586688195e-01  5.6277832964748375e-01  9.6053012796881554e-01
117   3.3333333333333331e-01  9.7307753586688195e-01  5.6277832964748375e-01  9.6053012796881554e-01
118   4.4444444444444442e-01  9.7307753586688195e-01  5.6277832964748375e-01  9.6053012796881554e-01
119   5.0000000000000000e-01  9.7307753586688195e-01  5.6277832964748375e-01  9.6053012796881554e-01
120   0.0000000000000000e+00  1.1676930430402586e+00  6.7533399557698048e-01  9.6053012796881543e-01
121   5.5555555555555552e-02  1.1676930430402583e+00  6.7533399557698037e-01  9.6053012796881554e-01
122   1.6666666666666669e-01  1.1676930430402586e+00  6.7533399557698059e-01  9.6053012796881543e-01
123   3.3333333333333337e-01  1.1676930430402586e+00  6.7533399557698059e-01  9.6053012796881543e-01
124   4.4444444444444442e-01  1.1676930430402586e+00  6.7533399557698059e-01  9.6053012796881543e-01
125   5.0000000000000000e-01  1.1676930430402586e+00  6.7533399557698048e-01  9.6053012796881543e-01
126   0.0000000000000000e+00  1.4596163038003234e+00  8.4416749447122541e-01  9.6053012796881543e-01
127   5.5555555555555552e-02  1.4596163038003231e+00  8.4416749447122541e-01  9.6053012796881554e-01
128   1.6666666666666669e-01  1.4596163038003234e+00  8.4416749447122552e-01  9.6053012796881543e-01
129   3.3333333333333337e-01  1.4596163038003234e+00  8.4416749447122541e-01  9.6053012796881543e-01
130   4.4444444444444442e-01  1.4596163038003234e+00  8.4416749447122541e-01  9.6053012796881543e-01
131   5.0000000000000000e-01  1.4596163038003234e+00  8.4416749447122541e-01  9.6053012796881543e-01
132   0.0000000000000000e+00  1.6542318109736995e+00  9.5672316040072214e-01  9.6053012796881543e-01
133   5.5555555555555552e-02  1.6542318109736995e+00  9.5672316040072214e-01  9.6053012796881554e-01
134   1.6666666666666669e-01  1.6542318109736995e+00  9.5672316040072225e-01  9.6053012796881543e-01
135   3.3333333333333337e-01  1.6542318109736995e+00  9.5672316040072225e-01  9.6053012796881543e-01
136   4.4444444444444442e-01  1.6542318109736995e+00  9.5672316040072214e-01  9.6053012796881543e-01
137   5.0000000000000000e-01  1.6542318109736995e+00  9.5672316040072214e-01  9.6053012796881543e-01
138   0.0000000000000000e+00  1.7515395645603877e+00  1.0130009933654704e+00  9.6053012796881543e-01
139   5.5555555555555552e-02  1.7515395645603877e+00  1.0130009933654707e+00  9.6053012796881554e-01
140   1.6666666666666669e-01  1.7515395645603880e+00  1.0130009933654707e+00  9.6053012796881543e-01
141   3.3333333333333337e-01  1.7515395645603880e+00  1.0130009933654707e+00  9.6053012796881543e-01
142   4.4444444444444442e-01  1.7515395645603877e+00  1.0130009933654707e+00  9.6053012796881543e-01
143   5.0000000000000000e-01  1.7515395645603877e+00  1.0130009933654704e+00  9.6053012796881543e-01
144   0.0000000000000000e+00  7.6827437132648269e-01  6.4593919104661246e-01  9.8308434055806371e-01
145   5.5555555555555552e-02  7.6827437132648280e-01  6.4593919104661246e-01  9.8308434055806382e-01
146   1.6666666666666669e-01  7.6827437132648291e-01  6.4593919104661257e-01  9.8308434055806371e-01
147   3.3333333333333337e-01  7.6827437132648291e-01  6.4593919104661257e-01  9.8308434055806371e-01
148   4.4444444444444448e-01  7.6827437132648269e-01  6.4593919104661246e-01  9.8308434055806371e-01
149   5.0000000000000000e-01  7.6827437132648269e-01  6.4593919104661246e-01  9.8308434055806371e-01
150   0.0000000000000000e+00  8.5363819036275856e-01  7.1771021227401377e-01  9.8308434055806382e-01
151   5.5555555555555552e-02  8.5363819036275868e-01  7.1771021227401388e-01  9.8308434055806382e-01
152   1.6666666666666666e-01  8.5363819036275868e-01  7.1771021227401388e-01  9.8308434055806382e-01
153   3.3333333333333331e-01  8.5363819036275868e-01  7.1771021227401388e-01  9.8308434055806382e-01
154   4.4444444444444442e-01  8.5363819036275856e-01  7.1771021227401377e-01  9.8308434055806382e-01
155   5.0000000000000000e-01  8.5363819036275856e-01  7.1771021227401377e-01  9.8308434055806382e-01
156   0.0000000000000000e+00  1.0243658284353105e+00  8.6125225472881650e-01  9.8308434055806371e-01
157   5.5555555555555566e-02  1.0243658284353103e+00  8.6125225472881650e-01  9.8308434055806382e-01
158   1.6666666666666669e-01  1.0243658284353105e+00  8.6125225472881650e-01  9.8308434055806371e-01
159   3.3333333333333337e-01  1.0243658284353105e+00  8.6125225472881650e-01  9.8308434055806371e-01
160   4.4444444444444448e-01  1.0243658284353105e+00  8.6125225472881650e-01  9.8308434055806371e-01
161   5.0000000000000000e-01  1.0243658284353105e+00  8.6125225472881650e-01  9.8308434055806371e-01
162   0.0000000000000000e+00  1.2804572855441381e+00  1.0765653184110207e+00  9.8308434055806371e-01
163   5.5555555555555566e-02  1.2804572855441381e+00  1.0765653184110209e+00  9.8308434055806382e-01
164   1.6666666666666669e-01  1.2804572855441383e+00  1.0765653184110209e+00  9.8308434055806371e-01
165   3.3333333333333337e-01  1.2804572855441381e+00  1.0765653184110207e+00  9.8308434055806371e-01
166   4.4444444444444448e-01  1.2804572855441381e+00  1.0765653184110207e+00  9.8308434055806371e-01
167   5.0000000000000000e-01  1.2804572855441381e+00  1.0765653184110207e+00  9.8308434055806371e-01
168   0.0000000000000000e+00  1.4511849236166894e+00  1.2201073608658233e+00  9.8308434055806371e-01
169   5.5555555555555552e-02  1.4511849236166896e+00  1.2201073608658235e+00  9.8308434055806382e-01
170   1.6666666666666669e-01  1.4511849236166898e+00  1.2201073608658235e+00  9.8308434055806371e-01
171   3.3333333333333337e-01  1.4511849236166898e+00  1.2201073608658235e+00  9.8308434055806371e-01
172   4.4444444444444448e-01  1.4511849236166894e+00  1.2201073608658233e+00  9.8308434055806371e-01
173   5.0000000000000000e-01  1.4511849236166894e+00  1.2201073608658233e+00  9.8308434055806371e-01
174   0.0000000000000000e+00  1.5365487426529654e+00  1.2918783820932249e+00  9.8308434055806371e-01
175   5.5555555555555552e-02  1.5365487426529656e+00  1.2918783820932249e+00  9.8308434055806382e-01
176   1.6666666666666669e-01  1.5365487426529658e+00  1.2918783820932251e+00  9.8308434055806371e-01
177   3.3333333333333337e-01  1.5365487426529658e+00  1.2918783820932251e+00  9.8308434055806371e-01
178   4.4444444444444448e-01  1.5365487426529654e+00  1.2918783820932249e+00  9.8308434055806371e-01
179   5.0000000000000000e-01  1.5365487426529654e+00  1.2918783820932249e+00  9.8308434055806371e-01
180   0.0000000000000000e+00  7.0710678118654757e-01  7.0710678118654757e-01  1.0000000000000000e+00
181   5.5555555555555559e-02  7.0710678118654768e-01  7.0710678118654768e-01  1.0000000000000000e+00
182   1.6666666666666669e-01  7.0710678118654768e-01  7.0710678118654768e-01  1.0000000000000000e+00
183   3.3333333333333337e-01  7.0710678118654768e-01  7.0710678118654768e-01  1.0000000000000000e+00
184   4.4444444444444442e-01  7.0710678118654757e-01  7.0710678118654757e-01  1.0000000000000000e+00
185   5.0000000000000000e-01  7.0710678118654757e-01  7.0710678118654757e-01  1.0000000000000000e+00
186   0.0000000000000000e+00  7.8567420131838628e-01  7.8567420131838628e-01  1.0000000000000000e+00
187   5.5555555555555559e-02  7.8567420131838639e-01  7.8567420131838639e-01  1.0000000000000000e+00
188   1.6666666666666669e-01  7.8567420131838639e-01  7.8567420131838639e-01  1.0000000000000000e+00
189   3.3333333333333337e-01  7.8567420131838639e-01  7.8567420131838639e-01  1.0000000000000000e+00
190   4.4444444444444448e-01  7.8567420131838628e-01  7.8567420131838628e-01  1.0000000000000000e+00
191   5.0000000000000000e-01  7.8567420131838628e-01  7.8567420131838628e-01  1.0000000000000000e+00
192   0.0000000000000000e+00  9.4280904158206358e-01  9.4280904158206358e-01  1.0000000000000000e+00
193   5.5555555555555566e-02  9.4280904158206358e-01  9.4280904158206358e-01  1.0000000000000000e+00
194   1.6666666666666669e-01  9.4280904158206358e-01  9.4280904158206358e-01  1.0000000000000000e+00
195   3.3333333333333337e-01  9.4280904158206358e-01  9.4280904158206358e-01  1.0000000000000000e+00
196   4.4444444444444442e-01  9.4280904158206358e-01  9.4280904158206358e-01  1.0000000000000000e+00
197   5.0000000000000000e-01  9.4280904158206358e-01  9.4280904158206358e-01  1.0000000000000000e+00
198   0.0000000000000000e+00  1.1785113019775793e+00  1.1785113019775793e+00  1.0000000000000000e+00
199   5.5555555555555566e-02  1.1785113019775797e+00  1.1785113019775797e+00  1.0000000000000000e+00
200   1.6666666666666669e-01  1.1785113019775797e+00  1.1785113019775797e+00  1.0000000000000000e+00
201   3.3333333333333337e-01  1.1785113019775793e+00  1.1785113019775793e+00  1.0000000000000000e+00
202   4.4444444444444442e-01  1.1785113019775793e+00  1.1785113019775793e+00  1.0000000000000000e+00
203   5.0000000000000000e-01  1.1785113019775793e+00  1.1785113019775793e+00  1.0000000000000000e+00
204   0.0000000000000000e+00  1.3356461422412564e+00  1.3356461422412564e+00  1.0000000000000000e+00
205   5.5555555555555552e-02  1.3356461422412567e+00  1.3356461422412567e+00  1.0000000000000000e+00
206   1.6666666666666669e-01  1.3356461422412567e+00  1.3356461422412567e+00  1.0000000000000000e+00
207   3.3333333333333337e-01  1.3356461422412567e+00  1.3356461422412567e+00  1.0000000000000000e+00
208   4.4444444444444442e-01  1.3356461422412564e+00  1.3356461422412564e+00  1.0000000000000000e+00
209   5.0000000000000000e-01  1.3356461422412564e+00  1.3356461422412564e+00  1.0000000000000000e+00
210   0.0000000000000000e+00  1.4142135623730951e+00  1.4142135623730951e+00  1.0000000000000000e+00
211   5.5555555555555559e-02  1.4142135623730954e+00  1.4142135623730954e+00  1.0000000000000000e+00
212   1.6666666666666669e-01  1.4142135623730954e+00  1.4142135623730954e+00  1.0000000000000000e+00
213   3.3333333333333337e-01  1.4142135623730954e+00  1.4142135623730954e+00  1.0000000000000000e+00
214   4.4444444444444442e-01  1.4142135623730951e+00  1.4142135623730951e+00  1.0000000000000000e+00
215   5.0000000000000000e-01  1.4142135623730951e+00  1.4142135623730951e+00  1.0000000000000000e+00
216   0.0000000000000000e+00  6.4593919104661235e-01  7.6827437132648269e-01  9.8308434055806382e-01
217   5.5555555555555552e-02  6.4593919104661246e-01  7.6827437132648280e-01  9.8308434055806382e-01
218   1.6666666666666666e-01  6.4593919104661246e-01  7.6827437132648280e-01  9.8308434055806382e-01
219   3.3333333333333331e-01  6.4593919104661246e-01  7.6827437132648280e-01  9.8308434055806382e-01
220   4.4444444444444448e-01  6.4593919104661235e-01  7.6827437132648269e-01  9.8308434055806382e-01
221   5.0000000000000000e-01  6.4593919104661235e-01  7.6827437132648269e-01  9.8308434055806382e-01
222   0.0000000000000000e+00  7.1771021227401377e-01  8.5363819036275856e-01  9.8308434055806382e-01
223   5.5555555555555559e-02  7.1771021227401399e-01  8.5363819036275879e-01  9.8308434055806382e-01
224   1.6666666666666666e-01  7.1771021227401399e-01  8.5363819036275879e-01  9.8308434055806382e-01
225   3.3333333333333331e-01  7.1771021227401399e-01  8.5363819036275879e-01  9.8308434055806382e-01
226   4.4444444444444448e-01  7.1771021227401377e-01  8.5363819036275856e-01  9.8308434055806382e-01
227   5.0000000000000000e-01  7.1771021227401377e-01  8.5363819036275856e-01  9.8308434055806382e-01
228   0.0000000000000000e+00  8.6125225472881661e-01  1.0243658284353103e+00  9.8308434055806382e-01
229   5.5555555555555566e-02  8.6125225472881661e-01  1.0243658284353103e+00  9.8308434055806382e-01
230   1.6666666666666666e-01  8.6125225472881661e-01  1.0243658284353103e+00  9.8308434055806382e-01
231   3.3333333333333331e-01  8.6125225472881661e-01  1.0243658284353103e+00  9.8308434055806382e-01
232   4.4444444444444448e-01  8.6125225472881661e-01  1.0243658284353103e+00  9.8308434055806382e-01
233   5.0000000000000000e-01  8.6125225472881661e-01  1.0243658284353103e+00  9.8308434055806382e-01
234   0.0000000000000000e+00  1.0765653184110207e+00  1.2804572855441378e+00  9.8308434055806382e-01
235   5.5555555555555566e-02  1.0765653184110209e+00  1.2804572855441381e+00  9.8308434055806382e-01
236   1.6666666666666666e-01  1.0765653184110209e+00  1.2804572855441381e+00  9.8308434055806382e-01
237   3.3333333333333331e-01  1.0765653184110207e+00  1.2804572855441378e+00  9.8308434055806382e-01
238   4.4444444444444448e-01  1.0765653184110207e+00  1.2804572855441378e+00  9.8308434055806382e-01
239   5.0000000000000000e-01  1.0765653184110207e+00  1.2804572855441378e+00  9.8308434055806382e-01
240   0.0000000000000000e+00  1.2201073608658233e+00  1.4511849236166896e+00  9.8308434055806382e-01
241   5.5555555555555552e-02  1.2201073608658235e+00  1.4511849236166896e+00  9.8308434055806382e-01
242   1.6666666666666666e-01  1.2201073608658235e+00  1.4511849236166896e+00  9.8308434055806382e-01
243   3.3333333333333331e-01  1.2201073608658235e+00  1.4511849236166896e+00  9.8308434055806382e-01
244   4.4444444444444448e-01  1.2201073608658233e+00  1.4511849236166896e+00  9.8308434055806382e-01
245   5.0000000000000000e-01  1.2201073608658233e+00  1.4511849236166896e+00  9.8308434055806382e-01
246   0.0000000000000000e+00  1.2918783820932247e+00  1.5365487426529654e+00  9.8308434055806382e-01
247   5.5555555555555552e-02  1.2918783820932249e+00  1.5365487426529656e+00  9.8308434055806382e-01
248   1.6666666666666666e-01  1.2918783820932249e+00  1.5365487426529656e+00  9.8308434055806382e-01
249   3.3333333333333331e-01  1.2918783820932249e+00  1.5365487426529656e+00  9.8308434055806382e-01
250   4.4444444444444448e-01  1.2918783820932247e+00  1.5365487426529654e+00  9.8308434055806382e-01
251   5.0000000000000000e-01  1.2918783820932247e+00  1.5365487426529654e+00  9.8308434055806382e-01
252   0.0000000000000000e+00  5.0650049668273522e-01  8.7576978228019375e-01  9.6053012796881554e-01
253   5.5555555555555552e-02  5.0650049668273533e-01  8.7576978228019375e-01  9.6053012796881554e-01
254   1.6666666666666666e-01  5.0650049668273533e-01  8.7576978228019386e-01  9.6053012796881554e-01
255   3.3333333333333331e-01  5.0650049668273533e-01  8.7576978228019375e-01  9.6053012796881554e-01
256   4.4444444444444442e-01  5.0650049668273522e-01  8.7576978228019375e-01  9.6053012796881554e-01
257   5.0000000000000000e-01  5.0650049668273522e-01  8.7576978228019375e-01  9.6053012796881554e-01
258   0.0000000000000000e+00  5.6277832964748364e-01  9.7307753586688195e-01  9.6053012796881554e-01
259   5.5555555555555546e-02  5.6277832964748364e-01  9.7307753586688184e-01  9.6053012796881565e-01
260   1.6666666666666666e-01  5.6277832964748375e-01  9.7307753586688195e-01  9.6053012796881554e-01
261   3.3333333333333331e-01  5.6277832964748375e-01  9.7307753586688195e-01  9.6053012796881554e-01
262   4.4444444444444442e-01  5.6277832964748364e-01  9.7307753586688195e-01  9.6053012796881554e-01
263   5.0000000000000000e-01  5.6277832964748364e-01  9.7307753586688195e-01  9.6053012796881554e-01
264   0.0000000000000000e+00  6.7533399557698048e-01  1.1676930430402583e+00  9.6053012796881554e-01
265   5.5555555555555552e-02  6.7533399557698037e-01  1.1676930430402583e+00  9.6053012796881565e-01
266   1.6666666666666666e-01  6.7533399557698048e-01  1.1676930430402583e+00  9.6053012796881554e-01
267   3.3333333333333331e-01  6.7533399557698048e-01  1.1676930430402583e+00  9.6053012796881554e-01
268   4.4444444444444442e-01  6.7533399557698048e-01  1.1676930430402583e+00  9.6053012796881554e-01
269   5.0000000000000000e-01  6.7533399557698048e-01  1.1676930430402583e+00  9.6053012796881554e-01
270   0.0000000000000000e+00  8.4416749447122541e-01  1.4596163038003229e+00  9.6053012796881554e-01
271   5.5555555555555552e-02  8.4416749447122530e-01  1.4596163038003231e+00  9.6053012796881565e-01
272   1.6666666666666666e-01  8.4416749447122541e-01  1.4596163038003231e+00  9.6053012796881554e-01
273   3.3333333333333331e-01  8.4416749447122541e-01  1.4596163038003229e+00  9.6053012796881554e-01
274   4.4444444444444442e-01  8.4416749447122541e-01  1.4596163038003229e+00  9.6053012796881554e-01
275   5.0000000000000000e-01  8.4416749447122541e-01  1.4596163038003229e+00  9.6053012796881554e-01
276   0.0000000000000000e+00  9.5672316040072203e-01  1.6542318109736991e+00  9.6053012796881554e-01
277   5.5555555555555552e-02  9.5672316040072236e-01  1.6542318109736995e+00  9.6053012796881554e-01
278   1.6666666666666666e-01  9.5672316040072236e-01  1.6542318109736995e+00  9.6053012796881554e-01
279   3.3333333333333331e-01  9.5672316040072236e-01  1.6542318109736991e+00  9.6053012796881554e-01
280   4.4444444444444442e-01  9.5672316040072203e-01  1.6542318109736991e+00  9.6053012796881554e-01
281   5.0000000000000000e-01  9.5672316040072203e-01  1.6542318109736991e+00  9.6053012796881554e-01
282   0.0000000000000000e+00  1.0130009933654704e+00  1.7515395645603875e+00  9.6053012796881554e-01
283   5.5555555555555552e-02  1.0130009933654707e+00  1.7515395645603875e+00  9.6053012796881554e-01
284   1.6666666666666666e-01  1.0130009933654707e+00  1.7515395645603877e+00  9.6053012796881554e-01
285   3.3333333333333331e-01  1.0130009933654707e+00  1.7515395645603875e+00  9.6053012796881554e-01
286   4.4444444444444442e-01  1.0130009933654704e+00  1.7515395645603875e+00  9.6053012796881554e-01
287   5.0000000000000000e-01  1.0130009933654704e+00  1.7515395645603875e+00  9.6053012796881554e-01
288   0.0000000000000000e+00  2.6111281592987484e-01  9.7741268768730794e-01  9.6053012796881543e-01
289   5.5555555555555552e-02  2.6111281592987484e-01  9.7741268768730794e-01  9.6053012796881554e-01
290   1.6666666666666669e-01  2.6111281592987490e-01  9.7741268768730794e-01  9.6053012796881543e-01
291   3.3333333333333337e-01  2.6111281592987490e-01  9.7741268768730794e-01  9.6053012796881543e-01
292   4.4444444444444442e-01  2.6111281592987484e-01  9.7741268768730794e-01  9.6053012796881543e-01
293   5.0000000000000000e-01  2.6111281592987484e-01  9.7741268768730794e-01  9.6053012796881543e-01
294   0.0000000000000000e+00  2.9012535103319420e-01  1.0860140974303421e+00  9.6053012796881554e-01
295   5.5555555555555552e-02  2.9012535103319426e-01  1.0860140974303421e+00  9.6053012796881554e-01
296   1.6666666666666666e-01  2.9012535103319431e-01  1.0860140974303421e+00  9.6053012796881554e-01
297   3.3333333333333331e-01  2.9012535103319431e-01  1.0860140974303421e+00  9.6053012796881554e-01
298   4.4444444444444442e-01  2.9012535103319420e-01  1.0860140974303421e+00  9.6053012796881554e-01
299   5.0000000000000000e-01  2.9012535103319420e-01  1.0860140974303421e+00  9.6053012796881554e-01
300   0.0000000000000000e+00  3.4815042123983320e-01  1.3032169169164107e+00  9.6053012796881543e-01
301   5.5555555555555552e-02  3.4815042123983314e-01  1.3032169169164105e+00  9.6053012796881554e-01
302   1.6666666666666669e-01  3.4815042123983320e-01  1.3032169169164107e+00  9.6053012796881543e-01
303   3.3333333333333337e-01  3.4815042123983320e-01  1.3032169169164107e+00  9.6053012796881543e-01
304   4.4444444444444442e-01  3.4815042123983320e-01  1.3032169169164107e+00  9.6053012796881543e-01
305   5.0000000000000000e-01  3.4815042123983320e-01  1.3032169169164107e+00  9.6053012796881543e-01
306   0.0000000000000000e+00  4.3518802654979144e-01  1.6290211461455133e+00  9.6053012796881543e-01
307   5.5555555555555552e-02  4.3518802654979138e-01  1.6290211461455133e+00  9.6053012796881554e-01
308   1.6666666666666669e-01  4.3518802654979150e-01  1.6290211461455135e+00  9.6053012796881543e-01
309   3.3333333333333337e-01  4.3518802654979150e-01  1.6290211461455135e+00  9.6053012796881543e-01
310   4.4444444444444442e-01  4.3518802654979144e-01  1.6290211461455135e+00  9.6053012796881543e-01
311   5.0000000000000000e-01  4.3518802654979144e-01  1.6290211461455133e+00  9.6053012796881543e-01
312   0.0000000000000000e+00  4.9321309675643027e-01  1.8462239656315818e+00  9.6053012796881543e-01
313   5.5555555555555552e-02  4.9321309675643027e-01  1.8462239656315815e+00  9.6053012796881554e-01
314   1.6666666666666669e-01  4.9321309675643032e-01  1.8462239656315818e+00  9.6053012796881543e-01
315   3.3333333333333337e-01  4.9321309675643032e-01  1.8462239656315818e+00  9.6053012796881543e-01
316   4.4444444444444442e-01  4.9321309675643027e-01  1.8462239656315818e+00  9.6053012796881543e-01
317   5.0000000000000000e-01  4.9321309675643027e-01  1.8462239656315818e+00  9.6053012796881543e-01
318   0.0000000000000000e+00  5.2222563185974968e-01  1.9548253753746159e+00  9.6053012796881543e-01
319   5.5555555555555552e-02  5.2222563185974968e-01  1.9548253753746159e+00  9.6053012796881554e-01
320   1.6666666666666669e-01  5.2222563185974979e-01  1.9548253753746159e+00  9.6053012796881543e-01
321   3.3333333333333337e-01  5.2222563185974979e-01  1.9548253753746159e+00  9.6053012796881543e-01
322   4.4444444444444442e-01  5.2222563185974968e-01  1.9548253753746159e+00  9.6053012796881543e-01
323   5.0000000000000000e-01  5.2222563185974968e-01  1.9548253753746159e+00  9.6053012796881543e-01
324   0.0000000000000000e+00  8.6504035553575151e-02  1.0000000000000000e+00  9.8308434055806371e-01
325   5.5555555555555552e-02  8.6504035553575137e-02  1.0000000000000000e+00  9.8308434055806382e-01
326   1.6666666666666669e-01  8.6504035553575165e-02  1.0000000000000000e+00  9.8308434055806371e-01
327   3.3333333333333337e-01  8.6504035553575165e-02  1.0000000000000000e+00  9.8308434055806371e-01
328   4.4444444444444448e-01  8.6504035553575151e-02  1.0000000000000000e+00  9.8308434055806371e-01
329   5.0000000000000000e-01  8.6504035553575151e-02  1.0000000000000000e+00  9.8308434055806371e-01
330   0.0000000000000000e+00  9.6115595059527922e-02  1.1111111111111109e+00  9.8308434055806382e-01
331   5.5555555555555552e-02  9.6115595059527922e-02  1.1111111111111109e+00  9.8308434055806382e-01
332   1.6666666666666666e-01  9.6115595059527964e-02  1.1111111111111109e+00  9.8308434055806382e-01
333   3.3333333333333331e-01  9.6115595059527964e-02  1.1111111111111109e+00  9.8308434055806382e-01
334   4.4444444444444442e-01  9.6115595059527922e-02  1.1111111111111109e+00  9.8308434055806382e-01
335   5.0000000000000000e-01  9.6115595059527922e-02  1.1111111111111109e+00  9.8308434055806382e-01
336   0.0000000000000000e+00  1.1533871407143355e-01  1.3333333333333335e+00  9.8308434055806371e-01
337   5.5555555555555566e-02  1.1533871407143353e-01  1.3333333333333333e+00  9.8308434055806382e-01
338   1.6666666666666669e-01  1.1533871407143355e-01  1.3333333333333335e+00  9.8308434055806371e-01
339   3.3333333333333337e-01  1.1533871407143355e-01  1.3333333333333335e+00  9.8308434055806371e-01
340   4.4444444444444448e-01  1.1533871407143355e-01  1.3333333333333335e+00  9.8308434055806371e-01
341   5.0000000000000000e-01  1.1533871407143355e-01  1.3333333333333335e+00  9.8308434055806371e-01
342   0.0000000000000000e+00  1.4417339258929193e-01  1.6666666666666670e+00  9.8308434055806371e-01
343   5.5555555555555566e-02  1.4417339258929190e-01  1.6666666666666667e+00  9.8308434055806382e-01
344   1.6666666666666669e-01  1.4417339258929193e-01  1.6666666666666670e+00  9.8308434055806371e-01
345   3.3333333333333337e-01  1.4417339258929193e-01  1.6666666666666670e+00  9.8308434055806371e-01
346   4.4444444444444448e-01  1.4417339258929193e-01  1.6666666666666670e+00  9.8308434055806371e-01
347   5.0000000000000000e-01  1.4417339258929193e-01  1.6666666666666670e+00  9.8308434055806371e-01
348   0.0000000000000000e+00  1.6339651160119753e-01  1.8888888888888888e+00  9.8308434055806371e-01
349   5.5555555555555552e-02  1.6339651160119747e-01  1.8888888888888886e+00  9.8308434055806382e-01
350   1.6666666666666669e-01  1.6339651160119753e-01  1.8888888888888888e+00  9.8308434055806371e-01
351   3.3333333333333337e-01  1.6339651160119753e-01  1.8888888888888888e+00  9.8308434055806371e-01
352   4.4444444444444448e-01  1.6339651160119753e-01  1.8888888888888888e+00  9.8308434055806371e-01
353   5.0000000000000000e-01  1.6339651160119753e-01  1.8888888888888888e+00  9.8308434055806371e-01
354   0.0000000000000000e+00  1.7300807110715030e-01  2.0000000000000000e+00  9.8308434055806371e-01
355   5.5555555555555552e-02  1.7300807110715027e-01  2.0000000000000000e+00  9.8308434055806382e-01
356   1.6666666666666669e-01  1.7300807110715033e-01  2.0000000000000000e+00  9.8308434055806371e-01
357   3.3333333333333337e-01  1.7300807110715033e-01  2.0000000000000000e+00  9.8308434055806371e-01
358   4.4444444444444448e-01  1.7300807110715030e-01  2.0000000000000000e+00  9.8308434055806371e-01
359   5.0000000000000000e-01  1.7300807110715030e-01  2.0000000000000000e+00  9.8308434055806371e-01
360   0.0000000000000000e+00  0.0000000000000000e+00  1.0000000000000000e+00  1.0000000000000000e+00
361   5.5555555555555559e-02  0.0000000000000000e+00  1.0000000000000000e+00  1.0000000000000000e+00
362   1.6666666666666669e-01  0.0000000000000000e+00  1.0000000000000000e+00  1.0000000000000000e+00
363   3.3333333333333337e-01  0.0000000000000000e+00  1.0000000000000000e+00  1.0000000000000000e+00
364   4.4444444444444442e-01  0.0000000000000000e+00  1.0000000000000000e+00  1.0000000000000000e+00
365   5.0000000000000000e-01  0.0000000000000000e+00  1.0000000000000000e+00  1.0000000000000000e+00
366   0.0000000000000000e+00  0.0000000000000000e+00  1.1111111111111112e+00  1.0000000000000000e+00
367   5.5555555555555559e-02  0.0000000000000000e+00  1.1111111111111112e+00  1.0000000000000000e+00
368   1.6666666666666669e-01  0.0000000000000000e+00  1.1111111111111112e+00  1.0000000000000000e+00
369   3.3333333333333337e-01  0.0000000000000000e+00  1.1111111111111112e+00  1.0000000000000000e+00
370   4.4444444444444448e-01  0.0000000000000000e+00  1.1111111111111112e+00  1.0000000000000000e+00
371   5.0000000000000000e-01  0.0000000000000000e+00  1.1111111111111112e+00  1.0000000000000000e+00
372   0.0000000000000000e+00  0.0000000000000000e+00  1.3333333333333335e+00  1.0000000000000000e+00
373   5.5555555555555566e-02  0.0000000000000000e+00  1.3333333333333335e+00  1.0000000000000000e+00
374   1.6666666666666669e-01  0.0000000000000000e+00  1.3333333333333335e+00  1.0000000000000000e+00
375   3.3333333333333337e-01  0.0000000000000000e+00  1.3333333333333335e+00  1.0000000000000000e+00
376   4.4444444444444442e-01  0.0000000000000000e+00  1.3333333333333335e+00  1.0000000000000000e+00
377   5.0000000000000000e-01  0.0000000000000000e+00  1.3333333333333335e+00  1.0000000000000000e+00
378   0.0000000000000000e+00  0.0000000000000000e+00  1.6666666666666667e+00  1.0000000000000000e+00
379   5.5555555555555566e-02  0.0000000000000000e+00  1.6666666666666670e+00  1.0000000000000000e+00
380   1.6666666666666669e-01  0.0000000000000000e+00  1.6666666666666670e+00  1.0000000000000000e+00
381   3.3333333333333337e-01  0.0000000000000000e+00  1.6666666666666670e+00  1.0000000000000000e+00
382   4.4444444444444442e-01  0.0000000000000000e+00  1.6666666666666670e+00  1.0000000000000000e+00
383   5.0000000000000000e-01  0.0000000000000000e+00  1.6666666666666667e+00  1.0000000000000000e+00
384   0.0000000000000000e+00  0.0000000000000000e+00  1.8888888888888888e+00  1.0000000000000000e+00
385   5.5555555555555552e-02  0.0000000000000000e+00  1.8888888888888888e+00  1.0000000000000000e+00
386   1.6666666666666669e-01  0.0000000000000000e+00  1.8888888888888888e+00  1.0000000000000000e+00
387   3.3333333333333337e-01  0.0000000000000000e+00  1.8888888888888888e+00  1.0000000000000000e+00
388   4.4444444444444442e-01  0.0000000000000000e+00  1.8888888888888888e+00  1.0000000000000000e+00
389   5.0000000000000000e-01  0.0000000000000000e+00  1.8888888888888888e+00  1.0000000000000000e+00
390   0.0000000000000000e+00  0.0000000000000000e+00  2.0000000000000000e+00  1.0000000000000000e+00
391   5.5555555555555559e-02  0.0000000000000000e+00  2.0000000000000000e+00  1.0000000000000000e+00
392   1.6666666666666669e-01  0.0000000000000000e+00  2.0000000000000000e+00  1.0000000000000000e+00
393   3.3333333333333337e-01  0.0000000000000000e+00  2.0000000000000000e+00  1.0000000000000000e+00
394   4.4444444444444442e-01  0.0000000000000000e+00  2.0000000000000000e+00  1.0000000000000000e+00
395   5.0000000000000000e-01  0.0000000000000000e+00  2.0000000000000000e+00  1.0000000000000000e+00

0    0    0.000000e+00
1    0    0.000000e+00
2    0    0.000000e+00
3    0    0.000000e+00
4    0    0.000000e+00
5    0    0.000000e+00
6    0    0.000000e+00
7    0    0.000000e+00
8    0    0.000000e+00
9    0    0.000000e+00
10   0    0.000000e+00
11   0    0.000000e+00
12   0    0.000000e+00
13   0    0.000000e+00
14   0    0.000000e+00
15   0    0.000000e+00
16   0    0.000000e+00
17   0    0.000000e+00
18   0    0.000000e+00
19   0    0.000000e+00
20   0    0.000000e+00
21   0    0.000000e+00
22   0    0.000000e+00
23   0    0.000000e+00
24   0    0.000000e+00
25   0    0.000000e+00
26   0    0.000000e+00
27   0    0.000000e+00
28   0    0.000000e+00
29   0    0.000000e+00
30   0    0.000000e+00
31   0    0.000000e+00
32   0    0.000000e+00
33   0    0.000000e+00
34   0    0.000000e+00
35   0    0.000000e+00
36   0    0.000000e+00
37   0    0.000000e+00
38   0    0.000000e+00
39   0    0.000000e+00
40   0    0.000000e+00
41   0    0.000000e+00
42   0    0.000000e+00
47   0    0.000000e+00
48   0    0.000000e+00
53   0    0.000000e+00
54   0    0.000000e+00
59   0    0.000000e+00
60   0    0.000000e+00
65   0    0.000000e+00
66   0    0.000000e+00
67   0    0.000000e+00
68   0    0.000000e+00
69   0    0.000000e+00
70   0    0.000000e+00
71   0    0.000000e+00
72   0    0.000000e+00
73   0    0.000000e+00
74   0    0.000000e+00
75   0    0.000000e+00
76   0    0.000000e+00
77   0    0.000000e+00
78   0    0.000000e+00
83   0    0.000000e+00
84   0    0.000000e+00
89   0    0.000000e+00
90   0    0.000000e+00
95   0    0.000000e+00
96   0    0.000000e+00
101  0    0.000000e+00
102  0    0.000000e+00
103  0    0.000000e+00
104  0    0.000000e+00
105  0    0.000000e+00
106  0    0.000000e+00
107  0    0.000000e+00
108  0    0.000000e+00
109  0    0.000000e+00
110  0    0.000000e+00
111  0    0.000000e+00
112  0    0.000000e+00
113  0    0.000000e+00
114  0    0.000000e+00
119  0    0.000000e+00
120  0    0.000000e+00
125  0    0.000000e+00
126  0    0.000000e+00
131  0    0.000000e+00
132  0    0.000000e+00
137  0    0.000000e+00
138  0    0.000000e+00
139  0    0.000000e+00
140  0    0.000000e+00
141  0    0.000000e+00
142  0    0.000000e+00
143  0    0.000000e+00
144  0    0.000000e+00
145  0    0.000000e+00
146  0    0.000000e+00
147  0    0.000000e+00
148  0    0.000000e+00
149  0    0.000000e+00
150  0    0.000000e+00
155  0    0.000000e+00
156  0    0.000000e+00
161  0    0.000000e+00
162  0    0.000000e+00
167  0    0.000000e+00
168  0    0.000000e+00
173  0    0.000000e+00
174  0    0.000000e+00
175  0    0.000000e+00
176  0    0.000000e+00
177  0    0.000000e+00
178  0    0.000000e+00
179  0    0.000000e+00
180  0    0.000000e+00
181  0    0.000000e+00
182  0    0.000000e+00
183  0    0.000000e+00
184  0    0.000000e+00
185  0    0.000000e+00
186  0    0.000000e+00
187  0    0.000000e+00
188  0    0.000000e+00
189  0    0.000000e+00
190  0    0.000000e+00
191  0    0.000000e+00
192  0    0.000000e+00
193  0    0.000000e+00
194  0    0.000000e+00
195  0    0.000000e+00
196  0    0.000000e+00
197  0    0.000000e+00
198  0    0.000000e+00
199  0    0.000000e+00
200  0    0.000000e+00
201  0    0.000000e+00
202  0    0.000000e+00
203  0    0.000000e+00
204  0    0.000000e+00
205  0    0.000000e+00
206  0    0.000000e+00
207  0    0.000000e+00
208  0    0.000000e+00
209  0    0.000000e+00
210  0    0.000000e+00
211  0    0.000000e+00
212  0    0.000000e+00
213  0    0.000000e+00
214  0    0.000000e+00
215  0    0.000000e+00
216  0    0.000000e+00
217  0    0.000000e+00
218  0    0.000000e+00
219  0    0.000000e+00
220  0    0.000000e+00
221  0    0.000000e+00
222  0    0.000000e+00
227  0    0.000000e+00
228  0    0.000000e+00
233  0    0.000000e+00
234  0    0.000000e+00
239  0    0.000000e+00
240  0    0.000000e+00
245  0    0.000000e+00
246  0    0.000000e+00
247  0    0.000000e+00
248  0    0.000000e+00
249  0    0.000000e+00
250  0    0.000000e+00
251  0    0.000000e+00
252  0    0.000000e+00
253  0    0.000000e+00
254  0    0.000000e+00
255  0    0.000000e+00
256  0    0.000000e+00
257  0    0.000000e+00
258  0    0.000000e+00
263  0    0.000000e+00
264  0    0.000000e+00
269  0    0.000000e+00
270  0    0.000000e+00
275  0    0.000000e+00
276  0    0.000000e+00
281  0    0.000000e+00
282  0    0.000000e+00
283  0    0.000000e+00
284  0    0.000000e+00
285  0    0.000000e+00
286  0    0.000000e+00
287  0    0.000000e+00
288  0    0.000000e+00
289  0    0.000000e+00
290  0    0.000000e+00
291  0    0.000000e+00
292  0    0.000000e+00
293  0    0.000000e+00
294  0    0.000000e+00
299  0    0.000000e+00
300  0    0.000000e+00
305  0    0.000000e+00
306  0    0.000000e+00
311  0    0.000000e+00
312  0    0.000000e+00
317  0    0.000000e+00
318  0    0.000000e+00
319  0    0.000000e+00
320  0    0.000000e+00
321  0    0.000000e+00
322  0    0.000000e+00
323  0    0.000000e+00
324  0    0.000000e+00
325  0    0.000000e+00
326  0    0.000000e+00
327  0    0.000000e+00
328  0    0.000000e+00
329  0    0.000000e+00
330  0    0.000000e+00
335  0    0.000000e+00
336  0    0.000000e+00
341  0    0.000000e+00
342  0    0.000000e+00
347  0    0.000000e+00
348  0    0.000000e+00
353  0    0.000000e+00
354  0    0.000000e+00
355  0    0.000000e+00
356  0    0.000000e+00
357  0    0.000000e+00
358  0    0.000000e+00
359  0    0.000000e+00
360  0    0.000000e+00
361  0    0.000000e+00
362  0    0.000000e+00
363  0    0.000000e+00
364  0    0.000000e+00
365  0    0.000000e+00
366  0    0.000000e+00
367  0    0.000000e+00
368  0    0.000000e+00
369  0    0.000000e+00
370  0    0.000000e+00
371  0    0.000000e+00
372  0    0.000000e+00
373  0    0.000000e+00
374  0    0.000000e+00
375  0    0.000000e+00
376  0    0.000000e+00
377  0    0.000000e+00
378  0    0.000000e+00
379  0    0.000000e+00
380  0    0.000000e+00
381  0    0.000000e+00
382  0    0.000000e+00
383  0    0.000000e+00
384  0    0.000000e+00
385  0    0.000000e+00
386  0    0.000000e+00
387  0    0.000000e+00
388  0    0.000000e+00
389  0    0.000000e+00
390  0    0.000000e+00
391  0    0.000000e+00
392  0    0.000000e+00
393  0    0.000000e+00
394  0    0.000000e+00
395  0    0.000000e+00
0    1    0.000000e+00
1    1    0.000000e+00
2    1    0.000000e+00
3    1    0.000000e+00
4    1    0.000000e+00
5    1    0.000000e+00
6    1    0.000000e+00
7    1    0.000000e+00
8    1    0.000000e+00
9    1    0.000000e+00
10   1    0.000000e+00
11   1    0.000000e+00
12   1    0.000000e+00
13   1    0.000000e+00
14   1    0.000000e+00
15   1    0.000000e+00
16   1    0.000000e+00
17   1    0.000000e+00
18   1    0.000000e+00
19   1    0.000000e+00
20   1    0.000000e+00
21   1    0.000000e+00
22   1    0.000000e+00
23   1    0.000000e+00
24   1    0.000000e+00
25   1    0.000000e+00
26   1    0.000000e+00
27   1    0.000000e+00
28   1    0.000000e+00
29   1    0.000000e+00
30   1    0.000000e+00
31   1    0.000000e+00
32   1    0.000000e+00
33   1    0.000000e+00
34   1    0.000000e+00
35   1    0.000000e+00
36   1    0.000000e+00
37   1    0.000000e+00
38   1    0.000000e+00
39   1    0.000000e+00
40   1    0.000000e+00
41   1    0.000000e+00
42   1    0.000000e+00
47   1    0.000000e+00
48   1    0.000000e+00
53   1    0.000000e+00
54   1    0.000000e+00
59   1    0.000000e+00
60   1    0.000000e+00
65   1    0.000000e+00
66   1    0.000000e+00
67   1    0.000000e+00
68   1    0.000000e+00
69   1    0.000000e+00
70   1    0.000000e+00
71   1    0.000000e+00
72   1    0.000000e+00
73   1    0.000000e+00
74   1    0.000000e+00
75   1    0.000000e+00
76   1    0.000000e+00
77   1    0.000000e+00
78   1    0.000000e+00
83   1    0.000000e+00
84   1    0.000000e+00
89   1    0.000000e+00
90   1    0.000000e+00
95   1    0.000000e+00
96   1    0.000000e+00
101  1    0.000000e+00
102  1    0.000000e+00
103  1    0.000000e+00
104  1    0.000000e+00
105  1    0.000000e+00
106  1    0.000000e+00
107  1    0.000000e+00
108  1    0.000000e+00
109  1    0.000000e+00
110  1    0.000000e+00
111  1    0.000000e+00
112  1    0.000000e+00
113  1    0.000000e+00
114  1    0.000000e+00
119  1    0.000000e+00
120  1    0.000000e+00
125  1    0.000000e+00
126  1    0.000000e+00
131  1    0.000000e+00
132  1    0.000000e+00
137  1    0.000000e+00
138  1    0.000000e+00
139  1    0.000000e+00
140  1    0.000000e+00
141  1    0.000000e+00
142  1    0.000000e+00
143  1    0.000000e+00
144  1    0.000000e+00
145  1    0.000000e+00
146  1    0.000000e+00
147  1    0.000000e+00
148  1    0.000000e+00
149  1    0.000000e+00
150  1    0.000000e+00
155  1    0.000000e+00
156  1    0.000000e+00
161  1    0.000000e+00
162  1    0.000000e+00
167  1    0.000000e+00
168  1    0.000000e+00
173  1    0.000000e+00
174  1    0.000000e+00
175  1    0.000000e+00
176  1    0.000000e+00
177  1    0.000000e+00
178  1    0.000000e+00
179  1    0.000000e+00
180  1    0.000000e+00
181  1    0.000000e+00
182  1    0.000000e+00
183  1    0.000000e+00
184  1    0.000000e+00
185  1    0.000000e+00
186  1    0.000000e+00
187  1    0.000000e+00
188  1    0.000000e+00
189  1    0.000000e+00
190  1    0.000000e+00
191  1    0.000000e+00
192  1    0.000000e+00
193  1    0.000000e+00
194  1    0.000000e+00
195  1    0.000000e+00
196  1    0.000000e+00
197  1    0.000000e+00
198  1    0.000000e+00
199  1    0.000000e+00
200  1    0.000000e+00
201  1    0.000000e+00
202  1    0.000000e+00
203  1    0.000000e+00
204  1    0.000000e+00
205  1    0.000000e+00
206  1    0.000000e+00
207  1    0.000000e+00
208  1    0.000000e+00
209  1    0.000000e+00
210  1    0.000000e+00
211  1    0.000000e+00
212  1    0.000000e+00
213  1    0.000000e+00
214  1    0.000000e+00
215  1    0.000000e+00
216  1    0.000000e+00
217  1    0.000000e+00
218  1    0.000000e+00
219  1    0.000000e+00
220  1    0.000000e+00
221  1    0.000000e+00
222  1    0.000000e+00
227  1    0.000000e+00
228  1    0.000000e+00
233  1    0.000000e+00
234  1    0.000000e+00
239  1    0.000000e+00
240  1    0.000000e+00
245  1    0.000000e+00
246  1    0.000000e+00
247  1    0.000000e+00
248  1    0.000000e+00
249  1    0.000000e+00
250  1    0.000000e+00
251  1    0.000000e+00
252  1    0.000000e+00
253  1    0.000000e+00
254  1    0.000000e+00
255  1    0.000000e+00
256  1    0.000000e+00
257  1    0.000000e+00
258  1    0.000000e+00
263  1    0.000000e+00
264  1    0.000000e+00
269  1    0.000000e+00
270  1    0.000000e+00
275  1    0.000000e+00
276  1    0.000000e+00
281  1    0.000000e+00
282  1    0.000000e+00
283  1    0.000000e+00
284  1    0.000000e+00
285  1    0.000000e+00
286  1    0.000000e+00
287  1    0.000000e+00
288  1    0.000000e+00
289  1    0.000000e+00
290  1    0.000000e+00
291  1    0.000000e+00
292  1    0.000000e+00
293  1    0.000000e+00
294  1    0.000000e+00
299  1    0.000000e+00
300  1    0.000000e+00
305  1    0.000000e+00
306  1    0.000000e+00
311  1    0.000000e+00
312  1    0.000000e+00
317  1    0.000000e+00
318  1    0.000000e+00
319  1    0.000000e+00
320  1    0.000000e+00
321  1    0.000000e+00
322  1    0.000000e+00
323  1    0.000000e+00
324  1    0.000000e+00
325  1    0.000000e+00
326  1    0.000000e+00
327  1    0.000000e+00
328  1    0.000000e+00
329  1    0.000000e+00
330  1    0.000000e+00
335  1    0.000000e+00
336  1    0.000000e+00
341  1    0.000000e+00
342  1    0.000000e+00
347  1    0.000000e+00
348  1    0.000000e+00
353  1    0.000000e+00
354  1    0.000000e+00
355  1    0.000000e+00
356  1    0.000000e+00
357  1    0.000000e+00
358  1    0.000000e+00
359  1    0.000000e+00
360  1    0.000000e+00
361  1    0.000000e+00
362  1    0.000000e+00
363  1    0.000000e+00
364  1    0.000000e+00
365  1    0.000000e+00
366  1    0.000000e+00
367  1    0.000000e+00
368  1    0.000000e+00
369  1    0.000000e+00
370  1    0.000000e+00
371  1    0.000000e+00
372  1    0.000000e+00
373  1    0.000000e+00
374  1    0.000000e+00
375  1    0.000000e+00
376  1    0.000000e+00
377  1    0.000000e+00
378  1    0.000000e+00
379  1    0.000000e+00
380  1    0.000000e+00
381  1    0.000000e+00
382  1    0.000000e+00
383  1    0.000000e+00
384  1    0.000000e+00
385  1    0.000000e+00
386  1    0.000000e+00
387  1    0.000000e+00
388  1    0.000000e+00
389  1    0.000000e+00
390  1    0.000000e+00
391  1    0.000000e+00
392  1    0.000000e+00
393  1    0.000000e+00
394  1    0.000000e+00
395  1    0.000000e+00
0    2    0.000000e+00
1    2    0.000000e+00
2    2    0.000000e+00
3    2    0.000000e+00
4    2    0.000000e+00
5    2    0.000000e+00
6    2    0.000000e+00
7    2    0.000000e+00
8    2    0.000000e+00
9    2    0.000000e+00
10   2    0.000000e+00
11   2    0.000000e+00
12   2    0.000000e+00
13   2    0.000000e+00
14   2    0.000000e+00
15   2    0.000000e+00
16   2    0.000000e+00
17   2    0.000000e+00
18   2    0.000000e+00
19   2    0.000000e+00
20   2    0.000000e+00
21   2    0.000000e+00
22   2    0.000000e+00
23   2    0.000000e+00
24   2    0.000000e+00
25   2    0.000000e+00
26   2    0.000000e+00
27   2    0.000000e+00
28   2    0.000000e+00
29   2    0.000000e+00
30   2    0.000000e+00
31   2    0.000000e+00
32   2    0.000000e+00
33   2    0.000000e+00
34   2    0.000000e+00
35   2    0.000000e+00
36   2    0.000000e+00
37   2    0.000000e+00
38   2    0.000000e+00
39   2    0.000000e+00
40   2    0.000000e+00
41   2    0.000000e+00
42   2    0.000000e+00
47   2    0.000000e+00
48   2    0.000000e+00
53   2    0.000000e+00
54   2    0.000000e+00
59   2    0.000000e+00
60   2    0.000000e+00
65   2    0.000000e+00
66   2    0.000000e+00
67   2    0.000000e+00
68   2    0.000000e+00
69   2    0.000000e+00
70   2    0.000000e+00
71   2    0.000000e+00
72   2    0.000000e+00
73   2    0.000000e+00
74   2    0.000000e+00
75   2    0.000000e+00
76   2    0.000000e+00
77   2    0.000000e+00
78   2    0.000000e+00
83   2    0.000000e+00
84   2    0.000000e+00
89   2    0.000000e+00
90   2    0.000000e+00
95   2    0.000000e+00
96   2    0.000000e+00
101  2    0.000000e+00
102  2    0.000000e+00
103  2    0.000000e+00
104  2    0.000000e+00
105  2    0.000000e+00
106  2    0.000000e+00
107  2    0.000000e+00
108  2    0.000000e+00
109  2    0.000000e+00
110  2    0.000000e+00
111  2    0.000000e+00
112  2    0.000000e+00
113  2    0.000000e+00
114  2    0.000000e+00
119  2    0.000000e+00
120  2    0.000000e+00
125  2    0.000000e+00
126  2    0.000000e+00
131  2    0.000000e+00
132  2    0.000000e+00
137  2    0.000000e+00
138  2    0.000000e+00
139  2    0.000000e+00
140  2    0.000000e+00
141  2    0.000000e+00
142  2    0.000000e+00
143  2    0.000000e+00
144  2    0.000000e+00
145  2    0.000000e+00
146  2    0.000000e+00
147  2    0.000000e+00
148  2    0.000000e+00
149  2    0.000000e+00
150  2    0.000000e+00
155  2    0.000000e+00
156  2    0.000000e+00
161  2    0.000000e+00
162  2    0.000000e+00
167  2    0.000000e+00
168  2    0.000000e+00
173  2    0.000000e+00
174  2    0.000000e+00
175  2    0.000000e+00
176  2    0.000000e+00
177  2    0.000000e+00
178  2    0.000000e+00
179  2    0.000000e+00
180  2    0.000000e+00
181  2    0.000000e+00
182  2    0.000000e+00
183  2    0.000000e+00
184  2    0.000000e+00
185  2    0.000000e+00
186  2    0.000000e+00
187  2    0.000000e+00
188  2    0.000000e+00
189  2    0.000000e+00
190  2    0.000000e+00
191  2    0.000000e+00
192  2    0.000000e+00
193  2    0.000000e+00
194  2    0.000000e+00
195  2    0.000000e+00
196  2    0.000000e+00
197  2    0.000000e+00
198  2    0.000000e+00
199  2    0.000000e+00
200  2    0.000000e+00
201  2    0.000000e+00
202  2    0.000000e+00
203  2    0.000000e+00
204  2    0.000000e+00
205  2    0.000000e+00
206  2    0.000000e+00
207  2    0.000000e+00
208  2    0.000000e+00
209  2    0.000000e+00
210  2    0.000000e+00
211  2    0.000000e+00
212  2    0.000000e+00
213  2    0.000000e+00
214  2    0.000000e+00
215  2    0.000000e+00
216  2    0.000000e+00
217  2    0.000000e+00
218  2    0.000000e+00
219  2    0.000000e+00
220  2    0.000000e+00
221  2    0.000000e+00
222  2    0.000000e+00
227  2    0.000000e+00
228  2    0.000000e+00
233  2    0.000000e+00
234  2    0.000000e+00
239  2    0.000000e+00
240  2    0.000000e+00
245  2    0.000000e+00
246  2    0.000000e+00
247  2    0.000000e+00
248  2    0.000000e+00
249  2    0.000000e+00
250  2    0.000000e+00
251  2    0.000000e+00
252  2    0.000000e+00
253  2    0.000000e+00
254  2    0.000000e+00
255  2    0.000000e+00
256  2    0.000000e+00
257  2    0.000000e+00
258  2    0.000000e+00
263  2    0.000000e+00
264  2    0.000000e+00
269  2    0.000000e+00
270  2    0.000000e+00
275  2    0.000000e+00
276  2    0.000000e+00
281  2    0.000000e+00
282  2    0.000000e+00
283  2    0.000000e+00
284  2    0.000000e+00
285  2    0.000000e+00
286  2    0.000000e+00
287  2    0.000000e+00
288  2    0.000000e+00
289  2    0.000000e+00
290  2    0.000000e+00
291  2    0.000000e+00
292  2    0.000000e+00
293  2    0.000000e+00
294  2    0.000000e+00
299  2    0.000000e+00
300  2    0.000000e+00
305  2    0.000000e+00
306  2    0.000000e+00
311  2    0.000000e+00
312  2    0.000000e+00
317  2    0.000000e+00
318  2    0.000000e+00
319  2    0.000000e+00
320  2    0.000000e+00
321  2    0.000000e+00
322  2    0.000000e+00
323  2    0.000000e+00
324  2    0.000000e+00
325  2    0.000000e+00
326  2    0.000000e+00
327  2    0.000000e+00
328  2    0.000000e+00
329  2    0.000000e+00
330  2    0.000000e+00
335  2    0.000000e+00
336  2    0.000000e+00
341  2    0.000000e+00
342  2    0.000000e+00
347  2    0.000000e+00
348  2    0.000000e+00
353  2    0.000000e+00
354  2    0.000000e+00
355  2    0.000000e+00
356  2    0.000000e+00
357  2    0.000000e+00
358  2    0.000000e+00
359  2    0.000000e+00
360  2    0.000000e+00
361  2    0.000000e+00
362  2    0.000000e+00
363  2    0.000000e+00
364  2    0.000000e+00
365  2    0.000000e+00
366  2    0.000000e+00
367  2    0.000000e+00
368  2    0.000000e+00
369  2    0.000000e+00
370  2    0.000000e+00
371  2    0.000000e+00
372  2    0.000000e+00
373  2    0.000000e+00
374  2    0.000000e+00
375  2    0.000000e+00
376  2    0.000000e+00
377  2    0.000000e+00
378  2    0.000000e+00
379  2    0.000000e+00
380  2    0.000000e+00
381  2    0.000000e+00
382  2    0.000000e+00
383  2    0.000000e+00
384  2    0.000000e+00
385  2    0.000000e+00
386  2    0.000000e+00
387  2    0.000000e+00
388  2    0.000000e+00
389  2    0.000000e+00
390  2    0.000000e+00
391  2    0.000000e+00
392  2    0.000000e+00
393  2    0.000000e+00
394  2    0.000000e+00
395  2    0.000000e+00

