3

1000  3.000000e-01

1

384

3    3    3

10   12   12

6    8    8

0    1    2    3    4    5    6    7    8    9    10   11   12   13   14   15   16   17   18   19   20   21   22   23   24   25   26   27   28   29   30   31   32   33   34   35   36   37   38   39   40   41   42   43   44   45   46   47   48   49   50   51   52   53   54   55   56   57   58   59   60   61   62   63   64   65   66   67   68   69   70   71   72   73   74   75   76   77   78   79   80   81   82   83   84   85   86   87   88   89   90   91   92   93   94   95   96   97   98   99   100  101  102  103  104  105  106  107  108  109  110  111  112  113  114  115  116  117  118  119  120  121  122  123  124  125  126  127  128  129  130  131  132  133  134  135  136  137  138  139  140  141  142  143  144  145  146  147  148  149  150  151  152  153  154  155  156  157  158  159  160  161  162  163  164  165  166  167  168  169  170  171  172  173  174  175  176  177  178  179  180  181  182  183  184  185  186  187  188  189  190  191  192  193  194  195  196  197  198  199  200  201  202  203  204  205  206  207  208  209  210  211  212  213  214  215  216  217  218  219  220  221  222  223  224  225  226  227  228  229  230  231  232  233  234  235  236  237  238  239  240  241  242  243  244  245  246  247  248  249  250  251  252  253  254  255  256  257  258  259  260  261  262  263  264  265  266  267  268  269  270  271  272  273  274  275  276  277  278  279  280  281  282  283  284  285  286  287  288  289  290  291  292  293  294  295  296  297  298  299  300  301  302  303  304  305  306  307  308  309  310  311  312  313  314  315  316  317  318  319  320  321  322  323  324  325  326  327  328  329  330  331  332  333  334  335  336  337  338  339  340  341  342  343  344  345  346  347  348  349  350  351  352  353  354  355  356  357  358  359  360  361  362  363  364  365  366  367  368  369  370  371  372  373  374  375  376  377  378  379  380  381  382  383

208  0    0

0.0000000000000000e+00  0.0000000000000000e+00  0.0000000000000000e+00  0.0000000000000000e+00  3.3333333333333331e-01  6.6666666666666663e-01  1.0000000000000000e+00  1.0000000000000000e+00  1.0000000000000000e+00  1.0000000000000000e+00
0.0000000000000000e+00  0.0000000000000000e+00  0.0000000000000000e+00  0.0000000000000000e+00  2.0000000000000001e-01  4.0000000000000002e-01  5.9999999999999998e-01  8.0000000000000004e-01  1.0000000000000000e+00  1.0000000000000000e+00  1.0000000000000000e+00  1.0000000000000000e+00
0.0000000000000000e+00  0.0000000000000000e+00  0.0000000000000000e+00  0.0000000000000000e+00  2.0000000000000001e-01  4.0000000000000002e-01  5.9999999999999998e-01  8.0000000000000004e-01  1.0000000000000000e+00  1.0000000000000000e+00  1.0000000000000000e+00  1.0000000000000000e+00

0     0.0000000000000000e+00  0.0000000000000000e+00  0.0000000000000000e+00  1.0000000000000000e+00
1     5.5555555555555559e-02  0.0000000000000000e+00  0.0000000000000000e+00  1.0000000000000000e+00
2     1.6666666666666669e-01  0.0000000000000000e+00  0.0000000000000000e+00  1.0000000000000000e+00
3     3.3333333333333337e-01  0.0000000000000000e+00  0.0000000000000000e+00  1.0000000000000000e+00
4     4.4444444444444442e-01  0.0000000000000000e+00  0.0000000000000000e+00  1.0000000000000000e+00
5     5.0000000000000000e-01  0.0000000000000000e+00  0.0000000000000000e+00  1.0000000000000000e+00
6     0.0000000000000000e+00  2.0000000000000001e-01  0.0000000000000000e+00  1.0000000000000000e+00
7     5.5555555555555566e-02  2.0000000000000001e-01  0.0000000000000000e+00  1.0000000000000000e+00
8     1.6666666666666669e-01  2.0000000000000001e-01  0.0000000000000000e+00  1.0000000000000000e+00
9     3.3333333333333337e-01  2.0000000000000001e-01  0.0000000000000000e+00  1.0000000000000000e+00
10    4.4444444444444448e-01  2.0000000000000001e-01  0.0000000000000000e+00  1.0000000000000000e+00
11    5.0000000000000000e-01  2.0000000000000001e-01  0.0000000000000000e+00  1.0000000000000000e+00
12    0.0000000000000000e+00  6.0000000000000009e-01  0.0000000000000000e+00  1.0000000000000000e+00
13    5.5555555555555566e-02  6.0000000000000009e-01  0.0000000000000000e+00  1.0000000000000000e+00
14    1.6666666666666669e-01  6.0000000000000009e-01  0.0000000000000000e+00  1.0000000000000000e+00
15    3.3333333333333337e-01  6.0000000000000009e-01  0.0000000000000000e+00  1.0000000000000000e+00
16    4.4444444444444442e-01  6.0000000000000009e-01  0.0000000000000000e+00  1.0000000000000000e+00
17    5.0000000000000000e-01  6.0000000000000009e-01  0.0000000000000000e+00  1.0000000000000000e+00
18    0.0000000000000000e+00  1.2000000000000002e+00  0.0000000000000000e+00  1.0000000000000000e+00
19    5.5555555555555559e-02  1.2000000000000002e+00  0.0000000000000000e+00  1.0000000000000000e+00
20    1.6666666666666671e-01  1.2000000000000002e+00  0.0000000000000000e+00  1.0000000000000000e+00
21    3.3333333333333343e-01  1.2000000000000002e+00  0.0000000000000000e+00  1.0000000000000000e+00
22    4.4444444444444442e-01  1.2000000000000002e+00  0.0000000000000000e+00  1.0000000000000000e+00
23    5.0000000000000000e-01  1.2000000000000002e+00  0.0000000000000000e+00  1.0000000000000000e+00
24    0.0000000000000000e+00  1.8000000000000000e+00  0.0000000000000000e+00  1.0000000000000000e+00
25    5.5555555555555566e-02  1.8000000000000000e+00  0.0000000000000000e+00  1.0000000000000000e+00
26    1.6666666666666669e-01  1.8000000000000000e+00  0.0000000000000000e+00  1.0000000000000000e+00
27    3.3333333333333337e-01  1.8000000000000000e+00  0.0000000000000000e+00  1.0000000000000000e+00
28    4.4444444444444436e-01  1.8000000000000000e+00  0.0000000000000000e+00  1.0000000000000000e+00
29    5.0000000000000000e-01  1.8000000000000000e+00  0.0000000000000000e+00  1.0000000000000000e+00
30    0.0000000000000000e+00  2.3999999999999999e+00  0.0000000000000000e+00  1.0000000000000000e+00
31    5.5555555555555566e-02  2.3999999999999999e+00  0.0000000000000000e+00  1.0000000000000000e+00
32    1.6666666666666669e-01  2.3999999999999999e+00  0.0000000000000000e+00  1.0000000000000000e+00
33    3.3333333333333337e-01  2.3999999999999999e+00  0.0000000000000000e+00  1.0000000000000000e+00
34    4.4444444444444442e-01  2.3999999999999999e+00  0.0000000000000000e+00  1.0000000000000000e+00
35    5.0000000000000000e-01  2.3999999999999999e+00  0.0000000000000000e+00  1.0000000000000000e+00
36    0.0000000000000000e+00  2.8000000000000003e+00  0.0000000000000000e+00  1.0000000000000000e+00
37    5.5555555555555566e-02  2.8000000000000003e+00  0.0000000000000000e+00  1.0000000000000000e+00
38    1.6666666666666669e-01  2.8000000000000003e+00  0.0000000000000000e+00  1.0000000000000000e+00
39    3.3333333333333337e-01  2.8000000000000003e+00  0.0000000000000000e+00  1.0000000000000000e+00
40    4.4444444444444442e-01  2.8000000000000003e+00  0.0000000000000000e+00  1.0000000000000000e+00
41    5.0000000000000000e-01  2.8000000000000003e+00  0.0000000000000000e+00  1.0000000000000000e+00
42    0.0000000000000000e+00  3.0000000000000000e+00  0.0000000000000000e+00  1.0000000000000000e+00
43    5.5555555555555559e-02  3.0000000000000000e+00  0.0000000000000000e+00  1.0000000000000000e+00
44    1.6666666666666669e-01  3.0000000000000000e+00  0.0000000000000000e+00  1.0000000000000000e+00
45    3.3333333333333337e-01  3.0000000000000000e+00  0.0000000000000000e+00  1.0000000000000000e+00
46    4.4444444444444442e-01  3.0000000000000000e+00  0.0000000000000000e+00  1.0000000000000000e+00
47    5.0000000000000000e-01  3.0000000000000000e+00  0.0000000000000000e+00  1.0000000000000000e+00
48    0.0000000000000000e+00  0.0000000000000000e+00  2.0000000000000001e-01  1.0000000000000000e+00
49    5.5555555555555566e-02  0.0000000000000000e+00  2.0000000000000001e-01  1.0000000000000000e+00
50    1.6666666666666669e-01  0.0000000000000000e+00  2.0000000000000001e-01  1.0000000000000000e+00
51    3.3333333333333337e-01  0.0000000000000000e+00  2.0000000000000001e-01  1.0000000000000000e+00
52    4.4444444444444448e-01  0.0000000000000000e+00  2.0000000000000001e-01  1.0000000000000000e+00
53    5.0000000000000000e-01  0.0000000000000000e+00  2.0000000000000001e-01  1.0000000000000000e+00
54    0.0000000000000000e+00  2.0000000000000004e-01  2.0000000000000001e-01  1.0000000000000000e+00
55    5.5555555555555566e-02  2.0000000000000004e-01  2.0000000000000001e-01  1.0000000000000000e+00
56    1.6666666666666669e-01  2.0000000000000004e-01  2.0000000000000001e-01  1.0000000000000000e+00
57    3.3333333333333337e-01  2.0000000000000004e-01  2.0000000000000001e-01  1.0000000000000000e+00
58    4.4444444444444453e-01  2.0000000000000004e-01  2.0000000000000001e-01  1.0000000000000000e+00
59    5.0000000000000000e-01  2.0000000000000004e-01  2.0000000000000001e-01  1.0000000000000000e+00
60    0.0000000000000000e+00  6.0000000000000009e-01  2.0000000000000001e-01  1.0000000000000000e+00
61    5.5555555555555566e-02  6.0000000000000009e-01  2.0000000000000001e-01  1.0000000000000000e+00
62    1.6666666666666669e-01  6.0000000000000009e-01  2.0000000000000001e-01  1.0000000000000000e+00
63    3.3333333333333337e-01  6.0000000000000009e-01  2.0000000000000001e-01  1.0000000000000000e+00
64    4.4444444444444448e-01  6.0000000000000009e-01  2.0000000000000001e-01  1.0000000000000000e+00
65    5.0000000000000000e-01  6.0000000000000009e-01  2.0000000000000001e-01  1.0000000000000000e+00
66    0.0000000000000000e+00  1.2000000000000002e+00  2.0000000000000001e-01  1.0000000000000000e+00
67    5.5555555555555566e-02  1.2000000000000002e+00  2.0000000000000001e-01  1.0000000000000000e+00
68    1.6666666666666674e-01  1.2000000000000002e+00  2.0000000000000001e-01  1.0000000000000000e+00
69    3.3333333333333348e-01  1.2000000000000002e+00  2.0000000000000001e-01  1.0000000000000000e+00
70    4.4444444444444448e-01  1.2000000000000002e+00  2.0000000000000001e-01  1.0000000000000000e+00
71    5.0000000000000000e-01  1.2000000000000002e+00  2.0000000000000001e-01  1.0000000000000000e+00
72    0.0000000000000000e+00  1.8000000000000003e+00  2.0000000000000001e-01  1.0000000000000000e+00
73    5.5555555555555566e-02  1.8000000000000003e+00  2.0000000000000001e-01  1.0000000000000000e+00
74    1.6666666666666669e-01  1.8000000000000003e+00  2.0000000000000001e-01  1.0000000000000000e+00
75    3.3333333333333337e-01  1.8000000000000003e+00  2.0000000000000001e-01  1.0000000000000000e+00
76    4.4444444444444442e-01  1.8000000000000003e+00  2.0000000000000001e-01  1.0000000000000000e+00
77    5.0000000000000000e-01  1.8000000000000003e+00  2.0000000000000001e-01  1.0000000000000000e+00
78    0.0000000000000000e+00  2.3999999999999999e+00  2.0000000000000001e-01  1.0000000000000000e+00
79    5.5555555555555566e-02  2.3999999999999999e+00  2.0000000000000001e-01  1.0000000000000000e+00
80    1.6666666666666669e-01  2.3999999999999999e+00  2.0000000000000001e-01  1.0000000000000000e+00
81    3.3333333333333337e-01  2.3999999999999999e+00  2.0000000000000001e-01  1.0000000000000000e+00
82    4.4444444444444448e-01  2.3999999999999999e+00  2.0000000000000001e-01  1.0000000000000000e+00
83    5.0000000000000000e-01  2.3999999999999999e+00  2.0000000000000001e-01  1.0000000000000000e+00
84    0.0000000000000000e+00  2.8000000000000003e+00  2.0000000000000001e-01  1.0000000000000000e+00
85    5.5555555555555566e-02  2.8000000000000003e+00  2.0000000000000001e-01  1.0000000000000000e+00
86    1.6666666666666669e-01  2.8000000000000003e+00  2.0000000000000001e-01  1.0000000000000000e+00
87    3.3333333333333337e-01  2.8000000000000003e+00  2.0000000000000001e-01  1.0000000000000000e+00
88    4.4444444444444448e-01  2.8000000000000003e+00  2.0000000000000001e-01  1.0000000000000000e+00
89    5.0000000000000000e-01  2.8000000000000003e+00  2.0000000000000001e-01  1.0000000000000000e+00
90    0.0000000000000000e+00  3.0000000000000004e+00  2.0000000000000001e-01  1.0000000000000000e+00
91    5.5555555555555566e-02  3.0000000000000004e+00  2.0000000000000001e-01  1.0000000000000000e+00
92    1.6666666666666669e-01  3.0000000000000004e+00  2.0000000000000001e-01  1.0000000000000000e+00
93    3.3333333333333337e-01  3.0000000000000004e+00  2.0000000000000001e-01  1.0000000000000000e+00
94    4.4444444444444448e-01  3.0000000000000004e+00  2.0000000000000001e-01  1.0000000000000000e+00
95    5.0000000000000000e-01  3.0000000000000004e+00  2.0000000000000001e-01  1.0000000000000000e+00
96    0.0000000000000000e+00  0.0000000000000000e+00  6.0000000000000009e-01  1.0000000000000000e+00
97    5.5555555555555566e-02  0.0000000000000000e+00  6.0000000000000009e-01  1.0000000000000000e+00
98    1.6666666666666669e-01  0.0000000000000000e+00  6.0000000000000009e-01  1.0000000000000000e+00
99    3.3333333333333337e-01  0.0000000000000000e+00  6.0000000000000009e-01  1.0000000000000000e+00
100   4.4444444444444442e-01  0.0000000000000000e+00  6.0000000000000009e-01  1.0000000000000000e+00
101   5.0000000000000000e-01  0.0000000000000000e+00  6.0000000000000009e-01  1.0000000000000000e+00
102   0.0000000000000000e+00  2.0000000000000004e-01  6.0000000000000009e-01  1.0000000000000000e+00
103   5.5555555555555566e-02  2.0000000000000004e-01  6.0000000000000009e-01  1.0000000000000000e+00
104   1.6666666666666669e-01  2.0000000000000004e-01  6.0000000000000009e-01  1.0000000000000000e+00
105   3.3333333333333337e-01  2.0000000000000004e-01  6.0000000000000009e-01  1.0000000000000000e+00
106   4.4444444444444453e-01  2.0000000000000004e-01  6.0000000000000009e-01  1.0000000000000000e+00
107   5.0000000000000000e-01  2.0000000000000004e-01  6.0000000000000009e-01  1.0000000000000000e+00
108   0.0000000000000000e+00  6.0000000000000009e-01  6.0000000000000009e-01  1.0000000000000000e+00
109   5.5555555555555566e-02  6.0000000000000009e-01  6.0000000000000009e-01  1.0000000000000000e+00
110   1.6666666666666669e-01  6.0000000000000009e-01  6.0000000000000009e-01  1.0000000000000000e+00
111   3.3333333333333337e-01  6.0000000000000009e-01  6.0000000000000009e-01  1.0000000000000000e+00
112   4.4444444444444442e-01  6.0000000000000009e-01  6.0000000000000009e-01  1.0000000000000000e+00
113   5.0000000000000000e-01  6.0000000000000009e-01  6.0000000000000009e-01  1.0000000000000000e+00
114   0.0000000000000000e+00  1.2000000000000002e+00  6.0000000000000009e-01  1.0000000000000000e+00
115   5.5555555555555566e-02  1.2000000000000002e+00  6.0000000000000009e-01  1.0000000000000000e+00
116   1.6666666666666671e-01  1.2000000000000002e+00  6.0000000000000009e-01  1.0000000000000000e+00
117   3.3333333333333343e-01  1.2000000000000002e+00  6.0000000000000009e-01  1.0000000000000000e+00
118   4.4444444444444442e-01  1.2000000000000002e+00  6.0000000000000009e-01  1.0000000000000000e+00
119   5.0000000000000000e-01  1.2000000000000002e+00  6.0000000000000009e-01  1.0000000000000000e+00
120   0.0000000000000000e+00  1.8000000000000003e+00  6.0000000000000009e-01  1.0000000000000000e+00
121   5.5555555555555566e-02  1.8000000000000003e+00  6.0000000000000009e-01  1.0000000000000000e+00
122   1.6666666666666669e-01  1.8000000000000003e+00  6.0000000000000009e-01  1.0000000000000000e+00
123   3.3333333333333337e-01  1.8000000000000003e+00  6.0000000000000009e-01  1.0000000000000000e+00
124   4.4444444444444442e-01  1.8000000000000003e+00  6.0000000000000009e-01  1.0000000000000000e+00
125   5.0000000000000000e-01  1.8000000000000003e+00  6.0000000000000009e-01  1.0000000000000000e+00
126   0.0000000000000000e+00  2.4000000000000004e+00  6.0000000000000009e-01  1.0000000000000000e+00
127   5.5555555555555566e-02  2.4000000000000004e+00  6.0000000000000009e-01  1.0000000000000000e+00
128   1.6666666666666669e-01  2.4000000000000004e+00  6.0000000000000009e-01  1.0000000000000000e+00
129   3.3333333333333337e-01  2.4000000000000004e+00  6.0000000000000009e-01  1.0000000000000000e+00
130   4.4444444444444442e-01  2.4000000000000004e+00  6.0000000000000009e-01  1.0000000000000000e+00
131   5.0000000000000000e-01  2.4000000000000004e+00  6.0000000000000009e-01  1.0000000000000000e+00
132   0.0000000000000000e+00  2.8000000000000007e+00  6.0000000000000009e-01  1.0000000000000000e+00
133   5.5555555555555566e-02  2.8000000000000007e+00  6.0000000000000009e-01  1.0000000000000000e+00
134   1.6666666666666669e-01  2.8000000000000007e+00  6.0000000000000009e-01  1.0000000000000000e+00
135   3.3333333333333337e-01  2.8000000000000007e+00  6.0000000000000009e-01  1.0000000000000000e+00
136   4.4444444444444442e-01  2.8000000000000007e+00  6.0000000000000009e-01  1.0000000000000000e+00
137   5.0000000000000000e-01  2.8000000000000007e+00  6.0000000000000009e-01  1.0000000000000000e+00
138   0.0000000000000000e+00  3.0000000000000004e+00  6.0000000000000009e-01  1.0000000000000000e+00
139   5.5555555555555566e-02  3.0000000000000004e+00  6.0000000000000009e-01  1.0000000000000000e+00
140   1.6666666666666669e-01  3.0000000000000004e+00  6.0000000000000009e-01  1.0000000000000000e+00
141   3.3333333333333337e-01  3.0000000000000004e+00  6.0000000000000009e-01  1.0000000000000000e+00
142   4.4444444444444442e-01  3.0000000000000004e+00  6.0000000000000009e-01  1.0000000000000000e+00
143   5.0000000000000000e-01  3.0000000000000004e+00  6.0000000000000009e-01  1.0000000000000000e+00
144   0.0000000000000000e+00  0.0000000000000000e+00  1.2000000000000002e+00  1.0000000000000000e+00
145   5.5555555555555559e-02  0.0000000000000000e+00  1.2000000000000002e+00  1.0000000000000000e+00
146   1.6666666666666671e-01  0.0000000000000000e+00  1.2000000000000002e+00  1.0000000000000000e+00
147   3.3333333333333343e-01  0.0000000000000000e+00  1.2000000000000002e+00  1.0000000000000000e+00
148   4.4444444444444442e-01  0.0000000000000000e+00  1.2000000000000002e+00  1.0000000000000000e+00
149   5.0000000000000000e-01  0.0000000000000000e+00  1.2000000000000002e+00  1.0000000000000000e+00
150   0.0000000000000000e+00  2.0000000000000001e-01  1.2000000000000002e+00  1.0000000000000000e+00
151   5.5555555555555566e-02  2.0000000000000001e-01  1.2000000000000002e+00  1.0000000000000000e+00
152   1.6666666666666671e-01  2.0000000000000001e-01  1.2000000000000002e+00  1.0000000000000000e+00
153   3.3333333333333343e-01  2.0000000000000001e-01  1.2000000000000002e+00  1.0000000000000000e+00
154   4.4444444444444448e-01  2.0000000000000001e-01  1.2000000000000002e+00  1.0000000000000000e+00
155   5.0000000000000000e-01  2.0000000000000001e-01  1.2000000000000002e+00  1.0000000000000000e+00
156   0.0000000000000000e+00  6.0000000000000020e-01  1.2000000000000002e+00  1.0000000000000000e+00
157   5.5555555555555566e-02  6.0000000000000020e-01  1.2000000000000002e+00  1.0000000000000000e+00
158   1.6666666666666671e-01  6.0000000000000020e-01  1.2000000000000002e+00  1.0000000000000000e+00
159   3.3333333333333343e-01  6.0000000000000020e-01  1.2000000000000002e+00  1.0000000000000000e+00
160   4.4444444444444442e-01  6.0000000000000020e-01  1.2000000000000002e+00  1.0000000000000000e+00
161   5.0000000000000000e-01  6.0000000000000020e-01  1.2000000000000002e+00  1.0000000000000000e+00
162   0.0000000000000000e+00  1.2000000000000004e+00  1.2000000000000002e+00  1.0000000000000000e+00
163   5.5555555555555559e-02  1.2000000000000004e+00  1.2000000000000002e+00  1.0000000000000000e+00
164   1.6666666666666674e-01  1.2000000000000004e+00  1.2000000000000002e+00  1.0000000000000000e+00
165   3.3333333333333348e-01  1.2000000000000004e+00  1.2000000000000002e+00  1.0000000000000000e+00
166   4.4444444444444442e-01  1.2000000000000004e+00  1.2000000000000002e+00  1.0000000000000000e+00
167   5.0000000000000000e-01  1.2000000000000004e+00  1.2000000000000002e+00  1.0000000000000000e+00
168   0.0000000000000000e+00  1.8000000000000000e+00  1.2000000000000002e+00  1.0000000000000000e+00
169   5.5555555555555566e-02  1.8000000000000000e+00  1.2000000000000002e+00  1.0000000000000000e+00
170   1.6666666666666671e-01  1.8000000000000000e+00  1.2000000000000002e+00  1.0000000000000000e+00
171   3.3333333333333343e-01  1.8000000000000000e+00  1.2000000000000002e+00  1.0000000000000000e+00
172   4.4444444444444436e-01  1.8000000000000000e+00  1.2000000000000002e+00  1.0000000000000000e+00
173   5.0000000000000000e-01  1.8000000000000000e+00  1.2000000000000002e+00  1.0000000000000000e+00
174   0.0000000000000000e+00  2.3999999999999999e+00  1.2000000000000002e+00  1.0000000000000000e+00
175   5.5555555555555566e-02  2.3999999999999999e+00  1.2000000000000002e+00  1.0000000000000000e+00
176   1.6666666666666671e-01  2.3999999999999999e+00  1.2000000000000002e+00  1.0000000000000000e+00
177   3.3333333333333343e-01  2.3999999999999999e+00  1.2000000000000002e+00  1.0000000000000000e+00
178   4.4444444444444442e-01  2.3999999999999999e+00  1.2000000000000002e+00  1.0000000000000000e+00
179   5.0000000000000000e-01  2.3999999999999999e+00  1.2000000000000002e+00  1.0000000000000000e+00
180   0.0000000000000000e+00  2.8000000000000003e+00  1.2000000000000002e+00  1.0000000000000000e+00
181   5.5555555555555566e-02  2.8000000000000003e+00  1.2000000000000002e+00  1.0000000000000000e+00
182   1.6666666666666671e-01  2.8000000000000003e+00  1.2000000000000002e+00  1.0000000000000000e+00
183   3.3333333333333343e-01  2.8000000000000003e+00  1.2000000000000002e+00  1.0000000000000000e+00
184   4.4444444444444442e-01  2.8000000000000003e+00  1.2000000000000002e+00  1.0000000000000000e+00
185   5.0000000000000000e-01  2.8000000000000003e+00  1.2000000000000002e+00  1.0000000000000000e+00
186   0.0000000000000000e+00  3.0000000000000004e+00  1.2000000000000002e+00  1.0000000000000000e+00
187   5.5555555555555559e-02  3.0000000000000004e+00  1.2000000000000002e+00  1.0000000000000000e+00
188   1.6666666666666671e-01  3.0000000000000004e+00  1.2000000000000002e+00  1.0000000000000000e+00
189   3.3333333333333343e-01  3.0000000000000004e+00  1.2000000000000002e+00  1.0000000000000000e+00
190   4.4444444444444442e-01  3.0000000000000004e+00  1.2000000000000002e+00  1.0000000000000000e+00
191   5.0000000000000000e-01  3.0000000000000004e+00  1.2000000000000002e+00  1.0000000000000000e+00
192   0.0000000000000000e+00  0.0000000000000000e+00  1.8000000000000000e+00  1.0000000000000000e+00
193   5.5555555555555566e-02  0.0000000000000000e+00  1.8000000000000000e+00  1.0000000000000000e+00
194   1.6666666666666669e-01  0.0000000000000000e+00  1.8000000000000000e+00  1.0000000000000000e+00
195   3.3333333333333337e-01  0.0000000000000000e+00  1.8000000000000000e+00  1.0000000000000000e+00
196   4.4444444444444436e-01  0.0000000000000000e+00  1.8000000000000000e+00  1.0000000000000000e+00
197   5.0000000000000000e-01  0.0000000000000000e+00  1.8000000000000000e+00  1.0000000000000000e+00
198   0.0000000000000000e+00  2.0000000000000001e-01  1.8000000000000000e+00  1.0000000000000000e+00
199   5.5555555555555566e-02  2.0000000000000001e-01  1.8000000000000000e+00  1.0000000000000000e+00
200   1.6666666666666669e-01  2.0000000000000001e-01  1.8000000000000000e+00  1.0000000000000000e+00
201   3.3333333333333337e-01  2.0000000000000001e-01  1.8000000000000000e+00  1.0000000000000000e+00
202   4.4444444444444453e-01  2.0000000000000001e-01  1.8000000000000000e+00  1.0000000000000000e+00
203   5.0000000000000000e-01  2.0000000000000001e-01  1.8000000000000000e+00  1.0000000000000000e+00
204   0.0000000000000000e+00  6.0000000000000009e-01  1.8000000000000000e+00  1.0000000000000000e+00
205   5.5555555555555566e-02  6.0000000000000009e-01  1.8000000000000000e+00  1.0000000000000000e+00
206   1.6666666666666669e-01  6.0000000000000009e-01  1.8000000000000000e+00  1.0000000000000000e+00
207   3.3333333333333337e-01  6.0000000000000009e-01  1.8000000000000000e+00  1.0000000000000000e+00
208   4.4444444444444436e-01  6.0000000000000009e-01  1.8000000000000000e+00  1.0000000000000000e+00
209   5.0000000000000000e-01  6.0000000000000009e-01  1.8000000000000000e+00  1.0000000000000000e+00
210   0.0000000000000000e+00  1.2000000000000002e+00  1.8000000000000000e+00  1.0000000000000000e+00
211   5.5555555555555566e-02  1.2000000000000002e+00  1.8000000000000000e+00  1.0000000000000000e+00
212   1.6666666666666671e-01  1.2000000000000002e+00  1.8000000000000000e+00  1.0000000000000000e+00
213   3.3333333333333343e-01  1.2000000000000002e+00  1.8000000000000000e+00  1.0000000000000000e+00
214   4.4444444444444436e-01  1.2000000000000002e+00  1.8000000000000000e+00  1.0000000000000000e+00
215   5.0000000000000000e-01  1.2000000000000002e+00  1.8000000000000000e+00  1.0000000000000000e+00
216   0.0000000000000000e+00  1.8000000000000003e+00  1.8000000000000000e+00  1.0000000000000000e+00
217   5.5555555555555566e-02  1.8000000000000003e+00  1.8000000000000000e+00  1.0000000000000000e+00
218   1.6666666666666669e-01  1.8000000000000003e+00  1.8000000000000000e+00  1.0000000000000000e+00
219   3.3333333333333337e-01  1.8000000000000003e+00  1.8000000000000000e+00  1.0000000000000000e+00
220   4.4444444444444436e-01  1.8000000000000003e+00  1.8000000000000000e+00  1.0000000000000000e+00
221   5.0000000000000000e-01  1.8000000000000003e+00  1.8000000000000000e+00  1.0000000000000000e+00
222   0.0000000000000000e+00  2.3999999999999999e+00  1.8000000000000000e+00  1.0000000000000000e+00
223   5.5555555555555566e-02  2.3999999999999999e+00  1.8000000000000000e+00  1.0000000000000000e+00
224   1.6666666666666669e-01  2.3999999999999999e+00  1.8000000000000000e+00  1.0000000000000000e+00
225   3.3333333333333337e-01  2.3999999999999999e+00  1.8000000000000000e+00  1.0000000000000000e+00
226   4.4444444444444436e-01  2.3999999999999999e+00  1.8000000000000000e+00  1.0000000000000000e+00
227   5.0000000000000000e-01  2.3999999999999999e+00  1.8000000000000000e+00  1.0000000000000000e+00
228   0.0000000000000000e+00  2.8000000000000007e+00  1.8000000000000000e+00  1.0000000000000000e+00
229   5.5555555555555566e-02  2.8000000000000007e+00  1.8000000000000000e+00  1.0000000000000000e+00
230   1.6666666666666669e-01  2.8000000000000007e+00  1.8000000000000000e+00  1.0000000000000000e+00
231   3.3333333333333337e-01  2.8000000000000007e+00  1.8000000000000000e+00  1.0000000000000000e+00
232   4.4444444444444436e-01  2.8000000000000007e+00  1.8000000000000000e+00  1.0000000000000000e+00
233   5.0000000000000000e-01  2.8000000000000007e+00  1.8000000000000000e+00  1.0000000000000000e+00
234   0.0000000000000000e+00  3.0000000000000000e+00  1.8000000000000000e+00  1.0000000000000000e+00
235   5.5555555555555566e-02  3.0000000000000000e+00  1.8000000000000000e+00  1.0000000000000000e+00
236   1.6666666666666669e-01  3.0000000000000000e+00  1.8000000000000000e+00  1.0000000000000000e+00
237   3.3333333333333337e-01  3.0000000000000000e+00  1.8000000000000000e+00  1.0000000000000000e+00
238   4.4444444444444436e-01  3.0000000000000000e+00  1.8000000000000000e+00  1.0000000000000000e+00
239   5.0000000000000000e-01  3.0000000000000000e+00  1.8000000000000000e+00  1.0000000000000000e+00
240   0.0000000000000000e+00  0.0000000000000000e+00  2.3999999999999999e+00  1.0000000000000000e+00
241   5.5555555555555566e-02  0.0000000000000000e+00  2.3999999999999999e+00  1.0000000000000000e+00
242   1.6666666666666669e-01  0.0000000000000000e+00  2.3999999999999999e+00  1.0000000000000000e+00
243   3.3333333333333337e-01  0.0000000000000000e+00  2.3999999999999999e+00  1.0000000000000000e+00
244   4.4444444444444442e-01  0.0000000000000000e+00  2.3999999999999999e+00  1.0000000000000000e+00
245   5.0000000000000000e-01  0.0000000000000000e+00  2.3999999999999999e+00  1.0000000000000000e+00
246   0.0000000000000000e+00  2.0000000000000001e-01  2.4000000000000004e+00  1.0000000000000000e+00
247   5.5555555555555566e-02  2.0000000000000001e-01  2.4000000000000004e+00  1.0000000000000000e+00
248   1.6666666666666669e-01  2.0000000000000001e-01  2.4000000000000004e+00  1.0000000000000000e+00
249   3.3333333333333337e-01  2.0000000000000001e-01  2.4000000000000004e+00  1.0000000000000000e+00
250   4.4444444444444453e-01  2.0000000000000001e-01  2.4000000000000004e+00  1.0000000000000000e+00
251   5.0000000000000000e-01  2.0000000000000001e-01  2.4000000000000004e+00  1.0000000000000000e+00
252   0.0000000000000000e+00  6.0000000000000009e-01  2.4000000000000004e+00  1.0000000000000000e+00
253   5.5555555555555566e-02  6.0000000000000009e-01  2.4000000000000004e+00  1.0000000000000000e+00
254   1.6666666666666669e-01  6.0000000000000009e-01  2.4000000000000004e+00  1.0000000000000000e+00
255   3.3333333333333337e-01  6.0000000000000009e-01  2.4000000000000004e+00  1.0000000000000000e+00
256   4.4444444444444442e-01  6.0000000000000009e-01  2.4000000000000004e+00  1.0000000000000000e+00
257   5.0000000000000000e-01  6.0000000000000009e-01  2.4000000000000004e+00  1.0000000000000000e+00
258   0.0000000000000000e+00  1.2000000000000002e+00  2.4000000000000004e+00  1.0000000000000000e+00
259   5.5555555555555566e-02  1.2000000000000002e+00  2.4000000000000004e+00  1.0000000000000000e+00
260   1.6666666666666671e-01  1.2000000000000002e+00  2.4000000000000004e+00  1.0000000000000000e+00
261   3.3333333333333343e-01  1.2000000000000002e+00  2.4000000000000004e+00  1.0000000000000000e+00
262   4.4444444444444442e-01  1.2000000000000002e+00  2.4000000000000004e+00  1.0000000000000000e+00
263   5.0000000000000000e-01  1.2000000000000002e+00  2.4000000000000004e+00  1.0000000000000000e+00
264   0.0000000000000000e+00  1.8000000000000003e+00  2.3999999999999999e+00  1.0000000000000000e+00
265   5.5555555555555566e-02  1.8000000000000003e+00  2.3999999999999999e+00  1.0000000000000000e+00
266   1.6666666666666669e-01  1.8000000000000003e+00  2.3999999999999999e+00  1.0000000000000000e+00
267   3.3333333333333337e-01  1.8000000000000003e+00  2.3999999999999999e+00  1.0000000000000000e+00
268   4.4444444444444436e-01  1.8000000000000003e+00  2.3999999999999999e+00  1.0000000000000000e+00
269   5.0000000000000000e-01  1.8000000000000003e+00  2.3999999999999999e+00  1.0000000000000000e+00
270   0.0000000000000000e+00  2.3999999999999999e+00  2.3999999999999999e+00  1.0000000000000000e+00
271   5.5555555555555566e-02  2.3999999999999999e+00  2.3999999999999999e+00  1.0000000000000000e+00
272   1.6666666666666669e-01  2.3999999999999999e+00  2.3999999999999999e+00  1.0000000000000000e+00
273   3.3333333333333337e-01  2.3999999999999999e+00  2.3999999999999999e+00  1.0000000000000000e+00
274   4.4444444444444442e-01  2.3999999999999999e+00  2.3999999999999999e+00  1.0000000000000000e+00
275   5.0000000000000000e-01  2.3999999999999999e+00  2.3999999999999999e+00  1.0000000000000000e+00
276   0.0000000000000000e+00  2.8000000000000003e+00  2.3999999999999999e+00  1.0000000000000000e+00
277   5.5555555555555566e-02  2.8000000000000003e+00  2.3999999999999999e+00  1.0000000000000000e+00
278   1.6666666666666669e-01  2.8000000000000003e+00  2.3999999999999999e+00  1.0000000000000000e+00
279   3.3333333333333337e-01  2.8000000000000003e+00  2.3999999999999999e+00  1.0000000000000000e+00
280   4.4444444444444442e-01  2.8000000000000003e+00  2.3999999999999999e+00  1.0000000000000000e+00
281   5.0000000000000000e-01  2.8000000000000003e+00  2.3999999999999999e+00  1.0000000000000000e+00
282   0.0000000000000000e+00  3.0000000000000000e+00  2.3999999999999999e+00  1.0000000000000000e+00
283   5.5555555555555566e-02  3.0000000000000000e+00  2.3999999999999999e+00  1.0000000000000000e+00
284   1.6666666666666669e-01  3.0000000000000000e+00  2.3999999999999999e+00  1.0000000000000000e+00
285   3.3333333333333337e-01  3.0000000000000000e+00  2.3999999999999999e+00  1.0000000000000000e+00
286   4.4444444444444442e-01  3.0000000000000000e+00  2.3999999999999999e+00  1.0000000000000000e+00
287   5.0000000000000000e-01  3.0000000000000000e+00  2.3999999999999999e+00  1.0000000000000000e+00
288   0.0000000000000000e+00  0.0000000000000000e+00  2.8000000000000003e+00  1.0000000000000000e+00
289   5.5555555555555566e-02  0.0000000000000000e+00  2.8000000000000003e+00  1.0000000000000000e+00
290   1.6666666666666669e-01  0.0000000000000000e+00  2.8000000000000003e+00  1.0000000000000000e+00
291   3.3333333333333337e-01  0.0000000000000000e+00  2.8000000000000003e+00  1.0000000000000000e+00
292   4.4444444444444442e-01  0.0000000000000000e+00  2.8000000000000003e+00  1.0000000000000000e+00
293   5.0000000000000000e-01  0.0000000000000000e+00  2.8000000000000003e+00  1.0000000000000000e+00
294   0.0000000000000000e+00  2.0000000000000001e-01  2.8000000000000003e+00  1.0000000000000000e+00
295   5.5555555555555566e-02  2.0000000000000001e-01  2.8000000000000003e+00  1.0000000000000000e+00
296   1.6666666666666669e-01  2.0000000000000001e-01  2.8000000000000003e+00  1.0000000000000000e+00
297   3.3333333333333337e-01  2.0000000000000001e-01  2.8000000000000003e+00  1.0000000000000000e+00
298   4.4444444444444453e-01  2.0000000000000001e-01  2.8000000000000003e+00  1.0000000000000000e+00
299   5.0000000000000000e-01  2.0000000000000001e-01  2.8000000000000003e+00  1.0000000000000000e+00
300   0.0000000000000000e+00  6.0000000000000009e-01  2.8000000000000003e+00  1.0000000000000000e+00
301   5.5555555555555566e-02  6.0000000000000009e-01  2.8000000000000003e+00  1.0000000000000000e+00
302   1.6666666666666669e-01  6.0000000000000009e-01  2.8000000000000003e+00  1.0000000000000000e+00
303   3.3333333333333337e-01  6.0000000000000009e-01  2.8000000000000003e+00  1.0000000000000000e+00
304   4.4444444444444442e-01  6.0000000000000009e-01  2.8000000000000003e+00  1.0000000000000000e+00
305   5.0000000000000000e-01  6.0000000000000009e-01  2.8000000000000003e+00  1.0000000000000000e+00
306   0.0000000000000000e+00  1.2000000000000002e+00  2.8000000000000003e+00  1.0000000000000000e+00
307   5.5555555555555566e-02  1.2000000000000002e+00  2.8000000000000003e+00  1.0000000000000000e+00
308   1.6666666666666671e-01  1.2000000000000002e+00  2.8000000000000003e+00  1.0000000000000000e+00
309   3.3333333333333343e-01  1.2000000000000002e+00  2.8000000000000003e+00  1.0000000000000000e+00
310   4.4444444444444442e-01  1.2000000000000002e+00  2.8000000000000003e+00  1.0000000000000000e+00
311   5.0000000000000000e-01  1.2000000000000002e+00  2.8000000000000003e+00  1.0000000000000000e+00
312   0.0000000000000000e+00  1.8000000000000000e+00  2.8000000000000003e+00  1.0000000000000000e+00
313   5.5555555555555566e-02  1.8000000000000000e+00  2.8000000000000003e+00  1.0000000000000000e+00
314   1.6666666666666669e-01  1.8000000000000000e+00  2.8000000000000003e+00  1.0000000000000000e+00
315   3.3333333333333337e-01  1.8000000000000000e+00  2.8000000000000003e+00  1.0000000000000000e+00
316   4.4444444444444436e-01  1.8000000000000000e+00  2.8000000000000003e+00  1.0000000000000000e+00
317   5.0000000000000000e-01  1.8000000000000000e+00  2.8000000000000003e+00  1.0000000000000000e+00
318   0.0000000000000000e+00  2.3999999999999999e+00  2.8000000000000003e+00  1.0000000000000000e+00
319   5.5555555555555566e-02  2.3999999999999999e+00  2.8000000000000003e+00  1.0000000000000000e+00
320   1.6666666666666669e-01  2.3999999999999999e+00  2.8000000000000003e+00  1.0000000000000000e+00
321   3.3333333333333337e-01  2.3999999999999999e+00  2.8000000000000003e+00  1.0000000000000000e+00
322   4.4444444444444442e-01  2.3999999999999999e+00  2.8000000000000003e+00  1.0000000000000000e+00
323   5.0000000000000000e-01  2.3999999999999999e+00  2.8000000000000003e+00  1.0000000000000000e+00
324   0.0000000000000000e+00  2.8000000000000003e+00  2.8000000000000003e+00  1.0000000000000000e+00
325   5.5555555555555566e-02  2.8000000000000003e+00  2.8000000000000003e+00  1.0000000000000000e+00
326   1.6666666666666669e-01  2.8000000000000003e+00  2.8000000000000003e+00  1.0000000000000000e+00
327   3.3333333333333337e-01  2.8000000000000003e+00  2.8000000000000003e+00  1.0000000000000000e+00
328   4.4444444444444442e-01  2.8000000000000003e+00  2.8000000000000003e+00  1.0000000000000000e+00
329   5.0000000000000000e-01  2.8000000000000003e+00  2.8000000000000003e+00  1.0000000000000000e+00
330   0.0000000000000000e+00  3.0000000000000000e+00  2.8000000000000003e+00  1.0000000000000000e+00
331   5.5555555555555566e-02  3.0000000000000000e+00  2.8000000000000003e+00  1.0000000000000000e+00
332   1.6666666666666669e-01  3.0000000000000000e+00  2.8000000000000003e+00  1.0000000000000000e+00
333   3.3333333333333337e-01  3.0000000000000000e+00  2.8000000000000003e+00  1.0000000000000000e+00
334   4.4444444444444442e-01  3.0000000000000000e+00  2.8000000000000003e+00  1.0000000000000000e+00
335   5.0000000000000000e-01  3.0000000000000000e+00  2.8000000000000003e+00  1.0000000000000000e+00
336   0.0000000000000000e+00  0.0000000000000000e+00  3.0000000000000000e+00  1.0000000000000000e+00
337   5.5555555555555559e-02  0.0000000000000000e+00  3.0000000000000000e+00  1.0000000000000000e+00
338   1.6666666666666669e-01  0.0000000000000000e+00  3.0000000000000000e+00  1.0000000000000000e+00
339   3.3333333333333337e-01  0.0000000000000000e+00  3.0000000000000000e+00  1.0000000000000000e+00
340   4.4444444444444442e-01  0.0000000000000000e+00  3.0000000000000000e+00  1.0000000000000000e+00
341   5.0000000000000000e-01  0.0000000000000000e+00  3.0000000000000000e+00  1.0000000000000000e+00
342   0.0000000000000000e+00  2.0000000000000001e-01  3.0000000000000004e+00  1.0000000000000000e+00
343   5.5555555555555566e-02  2.0000000000000001e-01  3.0000000000000004e+00  1.0000000000000000e+00
344   1.6666666666666669e-01  2.0000000000000001e-01  3.0000000000000004e+00  1.0000000000000000e+00
345   3.3333333333333337e-01  2.0000000000000001e-01  3.0000000000000004e+00  1.0000000000000000e+00
346   4.4444444444444448e-01  2.0000000000000001e-01  3.0000000000000004e+00  1.0000000000000000e+00
347   5.0000000000000000e-01  2.0000000000000001e-01  3.0000000000000004e+00  1.0000000000000000e+00
348   0.0000000000000000e+00  6.0000000000000009e-01  3.0000000000000004e+00  1.0000000000000000e+00
349   5.5555555555555566e-02  6.0000000000000009e-01  3.0000000000000004e+00  1.0000000000000000e+00
350   1.6666666666666669e-01  6.0000000000000009e-01  3.0000000000000004e+00  1.0000000000000000e+00
351   3.3333333333333337e-01  6.0000000000000009e-01  3.0000000000000004e+00  1.0000000000000000e+00
352   4.4444444444444442e-01  6.0000000000000009e-01  3.0000000000000004e+00  1.0000000000000000e+00
353   5.0000000000000000e-01  6.0000000000000009e-01  3.0000000000000004e+00  1.0000000000000000e+00
354   0.0000000000000000e+00  1.2000000000000002e+00  3.0000000000000004e+00  1.0000000000000000e+00
355   5.5555555555555559e-02  1.2000000000000002e+00  3.0000000000000004e+00  1.0000000000000000e+00
356   1.6666666666666671e-01  1.2000000000000002e+00  3.0000000000000004e+00  1.0000000000000000e+00
357   3.3333333333333343e-01  1.2000000000000002e+00  3.0000000000000004e+00  1.0000000000000000e+00
358   4.4444444444444442e-01  1.2000000000000002e+00  3.0000000000000004e+00  1.0000000000000000e+00
359   5.0000000000000000e-01  1.2000000000000002e+00  3.0000000000000004e+00  1.0000000000000000e+00
360   0.0000000000000000e+00  1.8000000000000000e+00  3.0000000000000000e+00  1.0000000000000000e+00
361   5.5555555555555566e-02  1.8000000000000000e+00  3.0000000000000000e+00  1.0000000000000000e+00
362   1.6666666666666669e-01  1.8000000000000000e+00  3.0000000000000000e+00  1.0000000000000000e+00
363   3.3333333333333337e-01  1.8000000000000000e+00  3.0000000000000000e+00  1.0000000000000000e+00
364   4.4444444444444436e-01  1.8000000000000000e+00  3.0000000000000000e+00  1.0000000000000000e+00
365   5.0000000000000000e-01  1.8000000000000000e+00  3.0000000000000000e+00  1.0000000000000000e+00
366   0.0000000000000000e+00  2.3999999999999999e+00  3.0000000000000000e+00  1.0000000000000000e+00
367   5.5555555555555566e-02  2.3999999999999999e+00  3.0000000000000000e+00  1.0000000000000000e+00
368   1.6666666666666669e-01  2.3999999999999999e+00  3.0000000000000000e+00  1.0000000000000000e+00
369   3.3333333333333337e-01  2.3999999999999999e+00  3.0000000000000000e+00  1.0000000000000000e+00
370   4.4444444444444442e-01  2.3999999999999999e+00  3.0000000000000000e+00  1.0000000000000000e+00
371   5.0000000000000000e-01  2.3999999999999999e+00  3.0000000000000000e+00  1.0000000000000000e+00
372   0.0000000000000000e+00  2.8000000000000003e+00  3.0000000000000000e+00  1.0000000000000000e+00
373   5.5555555555555566e-02  2.8000000000000003e+00  3.0000000000000000e+00  1.0000000000000000e+00
374   1.6666666666666669e-01  2.8000000000000003e+00  3.0000000000000000e+00  1.0000000000000000e+00
375   3.3333333333333337e-01  2.8000000000000003e+00  3.0000000000000000e+00  1.0000000000000000e+00
376   4.4444444444444442e-01  2.8000000000000003e+00  3.0000000000000000e+00  1.0000000000000000e+00
377   5.0000000000000000e-01  2.8000000000000003e+00  3.0000000000000000e+00  1.0000000000000000e+00
378   0.0000000000000000e+00  3.0000000000000000e+00  3.0000000000000000e+00  1.0000000000000000e+00
379   5.5555555555555559e-02  3.0000000000000000e+00  3.0000000000000000e+00  1.0000000000000000e+00
380   1.6666666666666669e-01  3.0000000000000000e+00  3.0000000000000000e+00  1.0000000000000000e+00
381   3.3333333333333337e-01  3.0000000000000000e+00  3.0000000000000000e+00  1.0000000000000000e+00
382   4.4444444444444442e-01  3.0000000000000000e+00  3.0000000000000000e+00  1.0000000000000000e+00
383   5.0000000000000000e-01  3.0000000000000000e+00  3.0000000000000000e+00  1.0000000000000000e+00

0    0    0.000000e+00
6    0    0.000000e+00
12   0    0.000000e+00
18   0    0.000000e+00
24   0    0.000000e+00
30   0    0.000000e+00
36   0    0.000000e+00
42   0    0.000000e+00
48   0    0.000000e+00
54   0    0.000000e+00
60   0    0.000000e+00
66   0    0.000000e+00
72   0    0.000000e+00
78   0    0.000000e+00
84   0    0.000000e+00
90   0    0.000000e+00
96   0    0.000000e+00
102  0    0.000000e+00
108  0    0.000000e+00
114  0    0.000000e+00
120  0    0.000000e+00
126  0    0.000000e+00
132  0    0.000000e+00
138  0    0.000000e+00
144  0    0.000000e+00
150  0    0.000000e+00
156  0    0.000000e+00
162  0    0.000000e+00
168  0    0.000000e+00
174  0    0.000000e+00
180  0    0.000000e+00
186  0    0.000000e+00
192  0    0.000000e+00
198  0    0.000000e+00
204  0    0.000000e+00
210  0    0.000000e+00
216  0    0.000000e+00
222  0    0.000000e+00
228  0    0.000000e+00
234  0    0.000000e+00
240  0    0.000000e+00
246  0    0.000000e+00
252  0    0.000000e+00
258  0    0.000000e+00
264  0    0.000000e+00
270  0    0.000000e+00
276  0    0.000000e+00
282  0    0.000000e+00
288  0    0.000000e+00
294  0    0.000000e+00
300  0    0.000000e+00
306  0    0.000000e+00
312  0    0.000000e+00
318  0    0.000000e+00
324  0    0.000000e+00
330  0    0.000000e+00
336  0    0.000000e+00
342  0    0.000000e+00
348  0    0.000000e+00
354  0    0.000000e+00
360  0    0.000000e+00
366  0    0.000000e+00
372  0    0.000000e+00
378  0    0.000000e+00
0    1    0.000000e+00
1    1    0.000000e+00
2    1    0.000000e+00
3    1    0.000000e+00
4    1    0.000000e+00
5    1    0.000000e+00
48   1    0.000000e+00
49   1    0.000000e+00
50   1    0.000000e+00
51   1    0.000000e+00
52   1    0.000000e+00
53   1    0.000000e+00
96   1    0.000000e+00
97   1    0.000000e+00
98   1    0.000000e+00
99   1    0.000000e+00
100  1    0.000000e+00
101  1    0.000000e+00
144  1    0.000000e+00
145  1    0.000000e+00
146  1    0.000000e+00
147  1    0.000000e+00
148  1    0.000000e+00
149  1    0.000000e+00
192  1    0.000000e+00
193  1    0.000000e+00
194  1    0.000000e+00
195  1    0.000000e+00
196  1    0.000000e+00
197  1    0.000000e+00
240  1    0.000000e+00
241  1    0.000000e+00
242  1    0.000000e+00
243  1    0.000000e+00
244  1    0.000000e+00
245  1    0.000000e+00
288  1    0.000000e+00
289  1    0.000000e+00
290  1    0.000000e+00
291  1    0.000000e+00
292  1    0.000000e+00
293  1    0.000000e+00
336  1    0.000000e+00
337  1    0.000000e+00
338  1    0.000000e+00
339  1    0.000000e+00
340  1    0.000000e+00
341  1    0.000000e+00
0    2    0.000000e+00
1    2    0.000000e+00
2    2    0.000000e+00
3    2    0.000000e+00
4    2    0.000000e+00
5    2    0.000000e+00
6    2    0.000000e+00
7    2    0.000000e+00
8    2    0.000000e+00
9    2    0.000000e+00
10   2    0.000000e+00
11   2    0.000000e+00
12   2    0.000000e+00
13   2    0.000000e+00
14   2    0.000000e+00
15   2    0.000000e+00
16   2    0.000000e+00
17   2    0.000000e+00
18   2    0.000000e+00
19   2    0.000000e+00
20   2    0.000000e+00
21   2    0.000000e+00
22   2    0.000000e+00
23   2    0.000000e+00
24   2    0.000000e+00
25   2    0.000000e+00
26   2    0.000000e+00
27   2    0.000000e+00
28   2    0.000000e+00
29   2    0.000000e+00
30   2    0.000000e+00
31   2    0.000000e+00
32   2    0.000000e+00
33   2    0.000000e+00
34   2    0.000000e+00
35   2    0.000000e+00
36   2    0.000000e+00
37   2    0.000000e+00
38   2    0.000000e+00
39   2    0.000000e+00
40   2    0.000000e+00
41   2    0.000000e+00
42   2    0.000000e+00
43   2    0.000000e+00
44   2    0.000000e+00
45   2    0.000000e+00
46   2    0.000000e+00
47   2    0.000000e+00
336  2    1.000000e+00
337  2    1.000000e+00
338  2    1.000000e+00
339  2    1.000000e+00
340  2    1.000000e+00
341  2    1.000000e+00
342  2    1.000000e+00
343  2    1.000000e+00
344  2    1.000000e+00
345  2    1.000000e+00
346  2    1.000000e+00
347  2    1.000000e+00
348  2    1.000000e+00
349  2    1.000000e+00
350  2    1.000000e+00
351  2    1.000000e+00
352  2    1.000000e+00
353  2    1.000000e+00
354  2    1.000000e+00
355  2    1.000000e+00
356  2    1.000000e+00
357  2    1.000000e+00
358  2    1.000000e+00
359  2    1.000000e+00
360  2    1.000000e+00
361  2    1.000000e+00
362  2    1.000000e+00
363  2    1.000000e+00
364  2    1.000000e+00
365  2    1.000000e+00
366  2    1.000000e+00
367  2    1.000000e+00
368  2    1.000000e+00
369  2    1.000000e+00
370  2    1.000000e+00
371  2    1.000000e+00
372  2    1.000000e+00
373  2    1.000000e+00
374  2    1.000000e+00
375  2    1.000000e+00
376  2    1.000000e+00
377  2    1.000000e+00
378  2    1.000000e+00
379  2    1.000000e+00
380  2    1.000000e+00
381  2    1.000000e+00
382  2    1.000000e+00
383  2    1.000000e+00

