3

1000  3.000000e-01

2

225

3    3    3
3    3    3

9    9    9
9    9    9

5    5    5
5    5    5

0    1    2    3    4    5    6    7    8    9    10   11   12   13   14   15   16   17   18   19   20   21   22   23   24   25   26   27   28   29   30   31   32   33   34   35   36   37   38   39   40   41   42   43   44   45   46   47   48   49   50   51   52   53   54   55   56   57   58   59   60   61   62   63   64   65   66   67   68   69   70   71   72   73   74   75   76   77   78   79   80   81   82   83   84   85   86   87   88   89   90   91   92   93   94   95   96   97   98   99   100  101  102  103  104  105  106  107  108  109  110  111  112  113  114  115  116  117  118  119  120  121  122  123  124
100  101  102  103  104  105  106  107  108  109  110  111  112  113  114  115  116  117  118  119  120  121  122  123  124  125  126  127  128  129  130  131  132  133  134  135  136  137  138  139  140  141  142  143  144  145  146  147  148  149  150  151  152  153  154  155  156  157  158  159  160  161  162  163  164  165  166  167  168  169  170  171  172  173  174  175  176  177  178  179  180  181  182  183  184  185  186  187  188  189  190  191  192  193  194  195  196  197  198  199  200  201  202  203  204  205  206  207  208  209  210  211  212  213  214  215  216  217  218  219  220  221  222  223  224

120  0    0

0.0000000000000000e+00  0.0000000000000000e+00  0.0000000000000000e+00  0.0000000000000000e+00  5.0000000000000000e-01  1.0000000000000000e+00  1.0000000000000000e+00  1.0000000000000000e+00  1.0000000000000000e+00
0.0000000000000000e+00  0.0000000000000000e+00  0.0000000000000000e+00  0.0000000000000000e+00  5.0000000000000000e-01  1.0000000000000000e+00  1.0000000000000000e+00  1.0000000000000000e+00  1.0000000000000000e+00
0.0000000000000000e+00  0.0000000000000000e+00  0.0000000000000000e+00  0.0000000000000000e+00  5.0000000000000000e-01  1.0000000000000000e+00  1.0000000000000000e+00  1.0000000000000000e+00  1.0000000000000000e+00
0.0000000000000000e+00  0.0000000000000000e+00  0.0000000000000000e+00  0.0000000000000000e+00  5.0000000000000000e-01  1.0000000000000000e+00  1.0000000000000000e+00  1.0000000000000000e+00  1.0000000000000000e+00
0.0000000000000000e+00  0.0000000000000000e+00  0.0000000000000000e+00  0.0000000000000000e+00  5.0000000000000000e-01  1.0000000000000000e+00  1.0000000000000000e+00  1.0000000000000000e+00  1.0000000000000000e+00
0.0000000000000000e+00  0.0000000000000000e+00  0.0000000000000000e+00  0.0000000000000000e+00  5.0000000000000000e-01  1.0000000000000000e+00  1.0000000000000000e+00  1.0000000000000000e+00  1.0000000000000000e+00

0     0.0000000000000000e+00  1.0000000000000000e+00  0.0000000000000000e+00  1.0000000000000000e+00
1     8.3333333333333343e-02  1.0000000000000000e+00  0.0000000000000000e+00  1.0000000000000000e+00
2     2.5000000000000000e-01  1.0000000000000000e+00  0.0000000000000000e+00  1.0000000000000000e+00
3     4.1666666666666669e-01  1.0000000000000000e+00  0.0000000000000000e+00  1.0000000000000000e+00
4     5.0000000000000000e-01  1.0000000000000000e+00  0.0000000000000000e+00  1.0000000000000000e+00
5     0.0000000000000000e+00  1.3333333333333335e+00  0.0000000000000000e+00  1.0000000000000000e+00
6     8.3333333333333343e-02  1.3333333333333335e+00  0.0000000000000000e+00  1.0000000000000000e+00
7     2.5000000000000000e-01  1.3333333333333335e+00  0.0000000000000000e+00  1.0000000000000000e+00
8     4.1666666666666669e-01  1.3333333333333335e+00  0.0000000000000000e+00  1.0000000000000000e+00
9     5.0000000000000000e-01  1.3333333333333335e+00  0.0000000000000000e+00  1.0000000000000000e+00
10    0.0000000000000000e+00  2.0000000000000000e+00  0.0000000000000000e+00  1.0000000000000000e+00
11    8.3333333333333343e-02  2.0000000000000000e+00  0.0000000000000000e+00  1.0000000000000000e+00
12    2.5000000000000000e-01  2.0000000000000000e+00  0.0000000000000000e+00  1.0000000000000000e+00
13    4.1666666666666669e-01  2.0000000000000000e+00  0.0000000000000000e+00  1.0000000000000000e+00
14    5.0000000000000000e-01  2.0000000000000000e+00  0.0000000000000000e+00  1.0000000000000000e+00
15    0.0000000000000000e+00  2.6666666666666665e+00  0.0000000000000000e+00  1.0000000000000000e+00
16    8.3333333333333343e-02  2.6666666666666665e+00  0.0000000000000000e+00  1.0000000000000000e+00
17    2.5000000000000000e-01  2.6666666666666665e+00  0.0000000000000000e+00  1.0000000000000000e+00
18    4.1666666666666669e-01  2.6666666666666665e+00  0.0000000000000000e+00  1.0000000000000000e+00
19    5.0000000000000000e-01  2.6666666666666665e+00  0.0000000000000000e+00  1.0000000000000000e+00
20    0.0000000000000000e+00  3.0000000000000000e+00  0.0000000000000000e+00  1.0000000000000000e+00
21    8.3333333333333343e-02  3.0000000000000000e+00  0.0000000000000000e+00  1.0000000000000000e+00
22    2.5000000000000000e-01  3.0000000000000000e+00  0.0000000000000000e+00  1.0000000000000000e+00
23    4.1666666666666669e-01  3.0000000000000000e+00  0.0000000000000000e+00  1.0000000000000000e+00
24    5.0000000000000000e-01  3.0000000000000000e+00  0.0000000000000000e+00  1.0000000000000000e+00
25    0.0000000000000000e+00  1.0000000000000000e+00  1.3088207913833144e-01  9.7462651083709562e-01
26    8.3333333333333343e-02  1.0000000000000000e+00  1.3088207913833144e-01  9.7462651083709562e-01
27    2.5000000000000000e-01  1.0000000000000000e+00  1.3088207913833144e-01  9.7462651083709562e-01
28    4.1666666666666669e-01  1.0000000000000000e+00  1.3088207913833144e-01  9.7462651083709562e-01
29    5.0000000000000000e-01  1.0000000000000000e+00  1.3088207913833144e-01  9.7462651083709562e-01
30    0.0000000000000000e+00  1.3405337750421968e+00  1.9373063865170689e-01  9.7885542569757966e-01
31    8.3333333333333329e-02  1.3405337750421968e+00  1.9373063865170689e-01  9.7885542569757966e-01
32    2.5000000000000000e-01  1.3405337750421968e+00  1.9373063865170689e-01  9.7885542569757966e-01
33    4.1666666666666669e-01  1.3405337750421968e+00  1.9373063865170689e-01  9.7885542569757966e-01
34    5.0000000000000000e-01  1.3405337750421968e+00  1.9373063865170689e-01  9.7885542569757966e-01
35    0.0000000000000000e+00  2.0128497662842317e+00  3.1781257907636268e-01  9.8731325541854786e-01
36    8.3333333333333343e-02  2.0128497662842317e+00  3.1781257907636268e-01  9.8731325541854786e-01
37    2.5000000000000000e-01  2.0128497662842317e+00  3.1781257907636268e-01  9.8731325541854786e-01
38    4.1666666666666674e-01  2.0128497662842317e+00  3.1781257907636268e-01  9.8731325541854786e-01
39    5.0000000000000000e-01  2.0128497662842317e+00  3.1781257907636268e-01  9.8731325541854786e-01
40    0.0000000000000000e+00  2.6737447908854999e+00  4.3978667777068342e-01  9.9577108513951595e-01
41    8.3333333333333329e-02  2.6737447908854999e+00  4.3978667777068342e-01  9.9577108513951595e-01
42    2.5000000000000000e-01  2.6737447908854999e+00  4.3978667777068342e-01  9.9577108513951595e-01
43    4.1666666666666669e-01  2.6737447908854999e+00  4.3978667777068342e-01  9.9577108513951595e-01
44    5.0000000000000000e-01  2.6737447908854999e+00  4.3978667777068342e-01  9.9577108513951595e-01
45    0.0000000000000000e+00  3.0000000000000000e+00  5.0000000000000000e-01  1.0000000000000000e+00
46    8.3333333333333343e-02  3.0000000000000000e+00  5.0000000000000000e-01  1.0000000000000000e+00
47    2.5000000000000000e-01  3.0000000000000000e+00  5.0000000000000000e-01  1.0000000000000000e+00
48    4.1666666666666669e-01  3.0000000000000000e+00  5.0000000000000000e-01  1.0000000000000000e+00
49    5.0000000000000000e-01  3.0000000000000000e+00  5.0000000000000000e-01  1.0000000000000000e+00
50    0.0000000000000000e+00  9.4857478948782992e-01  3.9291254273106280e-01  9.4925302167419123e-01
51    8.3333333333333329e-02  9.4857478948782992e-01  3.9291254273106280e-01  9.4925302167419123e-01
52    2.5000000000000000e-01  9.4857478948782992e-01  3.9291254273106280e-01  9.4925302167419123e-01
53    4.1666666666666663e-01  9.4857478948782992e-01  3.9291254273106280e-01  9.4925302167419123e-01
54    5.0000000000000000e-01  9.4857478948782992e-01  3.9291254273106280e-01  9.4925302167419123e-01
55    0.0000000000000000e+00  1.3055762803385962e+00  5.8557463478389415e-01  9.5771085139515932e-01
56    8.3333333333333343e-02  1.3055762803385962e+00  5.8557463478389415e-01  9.5771085139515932e-01
57    2.5000000000000006e-01  1.3055762803385962e+00  5.8557463478389415e-01  9.5771085139515932e-01
58    4.1666666666666669e-01  1.3055762803385962e+00  5.8557463478389415e-01  9.5771085139515932e-01
59    5.0000000000000000e-01  1.3055762803385962e+00  5.8557463478389415e-01  9.5771085139515932e-01
60    0.0000000000000000e+00  2.0009908625691093e+00  9.6086726433927772e-01  9.7462651083709573e-01
61    8.3333333333333329e-02  2.0009908625691093e+00  9.6086726433927783e-01  9.7462651083709573e-01
62    2.5000000000000000e-01  2.0009908625691093e+00  9.6086726433927783e-01  9.7462651083709573e-01
63    4.1666666666666669e-01  2.0009908625691093e+00  9.6086726433927772e-01  9.7462651083709573e-01
64    5.0000000000000000e-01  2.0009908625691093e+00  9.6086726433927772e-01  9.7462651083709573e-01
65    0.0000000000000000e+00  2.6726779693647504e+00  1.3233549472107680e+00  9.9154217027903191e-01
66    8.3333333333333343e-02  2.6726779693647504e+00  1.3233549472107680e+00  9.9154217027903191e-01
67    2.5000000000000000e-01  2.6726779693647504e+00  1.3233549472107680e+00  9.9154217027903191e-01
68    4.1666666666666663e-01  2.6726779693647504e+00  1.3233549472107680e+00  9.9154217027903191e-01
69    5.0000000000000000e-01  2.6726779693647504e+00  1.3233549472107680e+00  9.9154217027903191e-01
70    0.0000000000000000e+00  3.0000000000000000e+00  1.5000000000000000e+00  1.0000000000000000e+00
71    8.3333333333333343e-02  3.0000000000000000e+00  1.5000000000000000e+00  1.0000000000000000e+00
72    2.5000000000000000e-01  3.0000000000000000e+00  1.5000000000000000e+00  1.0000000000000000e+00
73    4.1666666666666669e-01  3.0000000000000000e+00  1.5000000000000000e+00  1.0000000000000000e+00
74    5.0000000000000000e-01  3.0000000000000000e+00  1.5000000000000000e+00  1.0000000000000000e+00
75    0.0000000000000000e+00  7.9965438688105606e-01  6.1455917549203909e-01  9.7462651083709551e-01
76    8.3333333333333343e-02  7.9965438688105617e-01  6.1455917549203920e-01  9.7462651083709551e-01
77    2.5000000000000006e-01  7.9965438688105617e-01  6.1455917549203920e-01  9.7462651083709551e-01
78    4.1666666666666669e-01  7.9965438688105606e-01  6.1455917549203909e-01  9.7462651083709551e-01
79    5.0000000000000000e-01  7.9965438688105606e-01  6.1455917549203909e-01  9.7462651083709551e-01
80    0.0000000000000000e+00  1.1743003858975214e+00  9.3558731628622305e-01  9.7885542569757966e-01
81    8.3333333333333329e-02  1.1743003858975214e+00  9.3558731628622316e-01  9.7885542569757966e-01
82    2.5000000000000006e-01  1.1743003858975214e+00  9.3558731628622316e-01  9.7885542569757966e-01
83    4.1666666666666669e-01  1.1743003858975214e+00  9.3558731628622305e-01  9.7885542569757966e-01
84    5.0000000000000000e-01  1.1743003858975214e+00  9.3558731628622305e-01  9.7885542569757966e-01
85    0.0000000000000000e+00  1.9139641568770844e+00  1.5693933247148577e+00  9.8731325541854775e-01
86    8.3333333333333356e-02  1.9139641568770844e+00  1.5693933247148577e+00  9.8731325541854775e-01
87    2.5000000000000006e-01  1.9139641568770844e+00  1.5693933247148577e+00  9.8731325541854775e-01
88    4.1666666666666669e-01  1.9139641568770844e+00  1.5693933247148577e+00  9.8731325541854775e-01
89    5.0000000000000000e-01  1.9139641568770844e+00  1.5693933247148577e+00  9.8731325541854775e-01
90    0.0000000000000000e+00  2.6410628909338532e+00  2.1924325547635699e+00  9.9577108513951595e-01
91    8.3333333333333329e-02  2.6410628909338532e+00  2.1924325547635699e+00  9.9577108513951595e-01
92    2.5000000000000000e-01  2.6410628909338532e+00  2.1924325547635699e+00  9.9577108513951595e-01
93    4.1666666666666669e-01  2.6410628909338532e+00  2.1924325547635699e+00  9.9577108513951595e-01
94    5.0000000000000000e-01  2.6410628909338532e+00  2.1924325547635699e+00  9.9577108513951595e-01
95    0.0000000000000000e+00  3.0000000000000000e+00  2.5000000000000000e+00  1.0000000000000000e+00
96    8.3333333333333343e-02  3.0000000000000000e+00  2.5000000000000000e+00  1.0000000000000000e+00
97    2.5000000000000000e-01  3.0000000000000000e+00  2.5000000000000000e+00  1.0000000000000000e+00
98    4.1666666666666669e-01  3.0000000000000000e+00  2.5000000000000000e+00  1.0000000000000000e+00
99    5.0000000000000000e-01  3.0000000000000000e+00  2.5000000000000000e+00  1.0000000000000000e+00
100   0.0000000000000000e+00  7.0710678118654757e-01  7.0710678118654757e-01  1.0000000000000000e+00
101   8.3333333333333343e-02  7.0710678118654768e-01  7.0710678118654768e-01  1.0000000000000000e+00
102   2.5000000000000000e-01  7.0710678118654768e-01  7.0710678118654768e-01  1.0000000000000000e+00
103   4.1666666666666669e-01  7.0710678118654757e-01  7.0710678118654757e-01  1.0000000000000000e+00
104   5.0000000000000000e-01  7.0710678118654757e-01  7.0710678118654757e-01  1.0000000000000000e+00
105   0.0000000000000000e+00  1.0892556509887896e+00  1.0892556509887896e+00  1.0000000000000000e+00
106   8.3333333333333343e-02  1.0892556509887896e+00  1.0892556509887896e+00  1.0000000000000000e+00
107   2.5000000000000000e-01  1.0892556509887896e+00  1.0892556509887896e+00  1.0000000000000000e+00
108   4.1666666666666669e-01  1.0892556509887896e+00  1.0892556509887896e+00  1.0000000000000000e+00
109   5.0000000000000000e-01  1.0892556509887896e+00  1.0892556509887896e+00  1.0000000000000000e+00
110   0.0000000000000000e+00  1.8535533905932737e+00  1.8535533905932737e+00  1.0000000000000000e+00
111   8.3333333333333343e-02  1.8535533905932737e+00  1.8535533905932737e+00  1.0000000000000000e+00
112   2.5000000000000000e-01  1.8535533905932737e+00  1.8535533905932737e+00  1.0000000000000000e+00
113   4.1666666666666669e-01  1.8535533905932737e+00  1.8535533905932737e+00  1.0000000000000000e+00
114   5.0000000000000000e-01  1.8535533905932737e+00  1.8535533905932737e+00  1.0000000000000000e+00
115   0.0000000000000000e+00  2.6178511301977578e+00  2.6178511301977578e+00  1.0000000000000000e+00
116   8.3333333333333343e-02  2.6178511301977578e+00  2.6178511301977578e+00  1.0000000000000000e+00
117   2.5000000000000000e-01  2.6178511301977578e+00  2.6178511301977578e+00  1.0000000000000000e+00
118   4.1666666666666669e-01  2.6178511301977578e+00  2.6178511301977578e+00  1.0000000000000000e+00
119   5.0000000000000000e-01  2.6178511301977578e+00  2.6178511301977578e+00  1.0000000000000000e+00
120   0.0000000000000000e+00  3.0000000000000000e+00  3.0000000000000000e+00  1.0000000000000000e+00
121   8.3333333333333343e-02  3.0000000000000000e+00  3.0000000000000000e+00  1.0000000000000000e+00
122   2.5000000000000000e-01  3.0000000000000000e+00  3.0000000000000000e+00  1.0000000000000000e+00
123   4.1666666666666669e-01  3.0000000000000000e+00  3.0000000000000000e+00  1.0000000000000000e+00
124   5.0000000000000000e-01  3.0000000000000000e+00  3.0000000000000000e+00  1.0000000000000000e+00
125   0.0000000000000000e+00  6.1455917549203898e-01  7.9965438688105595e-01  9.7462651083709562e-01
126   8.3333333333333343e-02  6.1455917549203909e-01  7.9965438688105606e-01  9.7462651083709562e-01
127   2.5000000000000000e-01  6.1455917549203909e-01  7.9965438688105606e-01  9.7462651083709562e-01
128   4.1666666666666669e-01  6.1455917549203898e-01  7.9965438688105595e-01  9.7462651083709562e-01
129   5.0000000000000000e-01  6.1455917549203898e-01  7.9965438688105595e-01  9.7462651083709562e-01
130   0.0000000000000000e+00  9.3558731628622305e-01  1.1743003858975214e+00  9.7885542569757966e-01
131   8.3333333333333329e-02  9.3558731628622316e-01  1.1743003858975214e+00  9.7885542569757966e-01
132   2.5000000000000000e-01  9.3558731628622316e-01  1.1743003858975214e+00  9.7885542569757966e-01
133   4.1666666666666669e-01  9.3558731628622305e-01  1.1743003858975214e+00  9.7885542569757966e-01
134   5.0000000000000000e-01  9.3558731628622305e-01  1.1743003858975214e+00  9.7885542569757966e-01
135   0.0000000000000000e+00  1.5693933247148575e+00  1.9139641568770844e+00  9.8731325541854786e-01
136   8.3333333333333343e-02  1.5693933247148575e+00  1.9139641568770844e+00  9.8731325541854786e-01
137   2.5000000000000000e-01  1.5693933247148575e+00  1.9139641568770844e+00  9.8731325541854786e-01
138   4.1666666666666674e-01  1.5693933247148575e+00  1.9139641568770844e+00  9.8731325541854786e-01
139   5.0000000000000000e-01  1.5693933247148575e+00  1.9139641568770844e+00  9.8731325541854786e-01
140   0.0000000000000000e+00  2.1924325547635699e+00  2.6410628909338532e+00  9.9577108513951595e-01
141   8.3333333333333329e-02  2.1924325547635699e+00  2.6410628909338532e+00  9.9577108513951595e-01
142   2.5000000000000000e-01  2.1924325547635699e+00  2.6410628909338532e+00  9.9577108513951595e-01
143   4.1666666666666669e-01  2.1924325547635699e+00  2.6410628909338532e+00  9.9577108513951595e-01
144   5.0000000000000000e-01  2.1924325547635699e+00  2.6410628909338532e+00  9.9577108513951595e-01
145   0.0000000000000000e+00  2.5000000000000000e+00  3.0000000000000000e+00  1.0000000000000000e+00
146   8.3333333333333343e-02  2.5000000000000000e+00  3.0000000000000000e+00  1.0000000000000000e+00
147   2.5000000000000000e-01  2.5000000000000000e+00  3.0000000000000000e+00  1.0000000000000000e+00
148   4.1666666666666669e-01  2.5000000000000000e+00  3.0000000000000000e+00  1.0000000000000000e+00
149   5.0000000000000000e-01  2.5000000000000000e+00  3.0000000000000000e+00  1.0000000000000000e+00
150   0.0000000000000000e+00  3.9291254273106269e-01  9.4857478948782981e-01  9.4925302167419123e-01
151   8.3333333333333329e-02  3.9291254273106280e-01  9.4857478948782981e-01  9.4925302167419123e-01
152   2.5000000000000000e-01  3.9291254273106280e-01  9.4857478948782981e-01  9.4925302167419123e-01
153   4.1666666666666663e-01  3.9291254273106269e-01  9.4857478948782981e-01  9.4925302167419123e-01
154   5.0000000000000000e-01  3.9291254273106269e-01  9.4857478948782981e-01  9.4925302167419123e-01
155   0.0000000000000000e+00  5.8557463478389393e-01  1.3055762803385960e+00  9.5771085139515932e-01
156   8.3333333333333343e-02  5.8557463478389415e-01  1.3055762803385960e+00  9.5771085139515932e-01
157   2.5000000000000006e-01  5.8557463478389415e-01  1.3055762803385960e+00  9.5771085139515932e-01
158   4.1666666666666669e-01  5.8557463478389393e-01  1.3055762803385960e+00  9.5771085139515932e-01
159   5.0000000000000000e-01  5.8557463478389393e-01  1.3055762803385960e+00  9.5771085139515932e-01
160   0.0000000000000000e+00  9.6086726433927772e-01  2.0009908625691089e+00  9.7462651083709573e-01
161   8.3333333333333329e-02  9.6086726433927772e-01  2.0009908625691089e+00  9.7462651083709573e-01
162   2.5000000000000000e-01  9.6086726433927772e-01  2.0009908625691089e+00  9.7462651083709573e-01
163   4.1666666666666669e-01  9.6086726433927772e-01  2.0009908625691089e+00  9.7462651083709573e-01
164   5.0000000000000000e-01  9.6086726433927772e-01  2.0009908625691089e+00  9.7462651083709573e-01
165   0.0000000000000000e+00  1.3233549472107677e+00  2.6726779693647504e+00  9.9154217027903191e-01
166   8.3333333333333343e-02  1.3233549472107677e+00  2.6726779693647504e+00  9.9154217027903191e-01
167   2.5000000000000000e-01  1.3233549472107677e+00  2.6726779693647504e+00  9.9154217027903191e-01
168   4.1666666666666663e-01  1.3233549472107677e+00  2.6726779693647504e+00  9.9154217027903191e-01
169   5.0000000000000000e-01  1.3233549472107677e+00  2.6726779693647504e+00  9.9154217027903191e-01
170   0.0000000000000000e+00  1.5000000000000000e+00  3.0000000000000000e+00  1.0000000000000000e+00
171   8.3333333333333343e-02  1.5000000000000000e+00  3.0000000000000000e+00  1.0000000000000000e+00
172   2.5000000000000000e-01  1.5000000000000000e+00  3.0000000000000000e+00  1.0000000000000000e+00
173   4.1666666666666669e-01  1.5000000000000000e+00  3.0000000000000000e+00  1.0000000000000000e+00
174   5.0000000000000000e-01  1.5000000000000000e+00  3.0000000000000000e+00  1.0000000000000000e+00
175   0.0000000000000000e+00  1.3088207913833141e-01  1.0000000000000000e+00  9.7462651083709551e-01
176   8.3333333333333343e-02  1.3088207913833141e-01  1.0000000000000000e+00  9.7462651083709551e-01
177   2.5000000000000006e-01  1.3088207913833141e-01  1.0000000000000000e+00  9.7462651083709551e-01
178   4.1666666666666669e-01  1.3088207913833141e-01  1.0000000000000000e+00  9.7462651083709551e-01
179   5.0000000000000000e-01  1.3088207913833141e-01  1.0000000000000000e+00  9.7462651083709551e-01
180   0.0000000000000000e+00  1.9373063865170684e-01  1.3405337750421968e+00  9.7885542569757966e-01
181   8.3333333333333329e-02  1.9373063865170684e-01  1.3405337750421968e+00  9.7885542569757966e-01
182   2.5000000000000006e-01  1.9373063865170684e-01  1.3405337750421968e+00  9.7885542569757966e-01
183   4.1666666666666669e-01  1.9373063865170684e-01  1.3405337750421968e+00  9.7885542569757966e-01
184   5.0000000000000000e-01  1.9373063865170684e-01  1.3405337750421968e+00  9.7885542569757966e-01
185   0.0000000000000000e+00  3.1781257907636268e-01  2.0128497662842313e+00  9.8731325541854775e-01
186   8.3333333333333356e-02  3.1781257907636268e-01  2.0128497662842313e+00  9.8731325541854775e-01
187   2.5000000000000006e-01  3.1781257907636268e-01  2.0128497662842313e+00  9.8731325541854775e-01
188   4.1666666666666669e-01  3.1781257907636268e-01  2.0128497662842313e+00  9.8731325541854775e-01
189   5.0000000000000000e-01  3.1781257907636268e-01  2.0128497662842313e+00  9.8731325541854775e-01
190   0.0000000000000000e+00  4.3978667777068337e-01  2.6737447908854999e+00  9.9577108513951595e-01
191   8.3333333333333329e-02  4.3978667777068337e-01  2.6737447908854999e+00  9.9577108513951595e-01
192   2.5000000000000000e-01  4.3978667777068337e-01  2.6737447908854999e+00  9.9577108513951595e-01
193   4.1666666666666669e-01  4.3978667777068337e-01  2.6737447908854999e+00  9.9577108513951595e-01
194   5.0000000000000000e-01  4.3978667777068337e-01  2.6737447908854999e+00  9.9577108513951595e-01
195   0.0000000000000000e+00  5.0000000000000000e-01  3.0000000000000000e+00  1.0000000000000000e+00
196   8.3333333333333343e-02  5.0000000000000000e-01  3.0000000000000000e+00  1.0000000000000000e+00
197   2.5000000000000000e-01  5.0000000000000000e-01  3.0000000000000000e+00  1.0000000000000000e+00
198   4.1666666666666669e-01  5.0000000000000000e-01  3.0000000000000000e+00  1.0000000000000000e+00
199   5.0000000000000000e-01  5.0000000000000000e-01  3.0000000000000000e+00  1.0000000000000000e+00
200   0.0000000000000000e+00  0.0000000000000000e+00  1.0000000000000000e+00  1.0000000000000000e+00
201   8.3333333333333343e-02  0.0000000000000000e+00  1.0000000000000000e+00  1.0000000000000000e+00
202   2.5000000000000000e-01  0.0000000000000000e+00  1.0000000000000000e+00  1.0000000000000000e+00
203   4.1666666666666669e-01  0.0000000000000000e+00  1.0000000000000000e+00  1.0000000000000000e+00
204   5.0000000000000000e-01  0.0000000000000000e+00  1.0000000000000000e+00  1.0000000000000000e+00
205   0.0000000000000000e+00  0.0000000000000000e+00  1.3333333333333335e+00  1.0000000000000000e+00
206   8.3333333333333343e-02  0.0000000000000000e+00  1.3333333333333335e+00  1.0000000000000000e+00
207   2.5000000000000000e-01  0.0000000000000000e+00  1.3333333333333335e+00  1.0000000000000000e+00
208   4.1666666666666669e-01  0.0000000000000000e+00  1.3333333333333335e+00  1.0000000000000000e+00
209   5.0000000000000000e-01  0.0000000000000000e+00  1.3333333333333335e+00  1.0000000000000000e+00
210   0.0000000000000000e+00  0.0000000000000000e+00  2.0000000000000000e+00  1.0000000000000000e+00
211   8.3333333333333343e-02  0.0000000000000000e+00  2.0000000000000000e+00  1.0000000000000000e+00
212   2.5000000000000000e-01  0.0000000000000000e+00  2.0000000000000000e+00  1.0000000000000000e+00
213   4.1666666666666669e-01  0.0000000000000000e+00  2.0000000000000000e+00  1.0000000000000000e+00
214   5.0000000000000000e-01  0.0000000000000000e+00  2.0000000000000000e+00  1.0000000000000000e+00
215   0.0000000000000000e+00  0.0000000000000000e+00  2.6666666666666665e+00  1.0000000000000000e+00
216   8.3333333333333343e-02  0.0000000000000000e+00  2.6666666666666665e+00  1.0000000000000000e+00
217   2.5000000000000000e-01  0.0000000000000000e+00  2.6666666666666665e+00  1.0000000000000000e+00
218   4.1666666666666669e-01  0.0000000000000000e+00  2.6666666666666665e+00  1.0000000000000000e+00
219   5.0000000000000000e-01  0.0000000000000000e+00  2.6666666666666665e+00  1.0000000000000000e+00
220   0.0000000000000000e+00  0.0000000000000000e+00  3.0000000000000000e+00  1.0000000000000000e+00
221   8.3333333333333343e-02  0.0000000000000000e+00  3.0000000000000000e+00  1.0000000000000000e+00
222   2.5000000000000000e-01  0.0000000000000000e+00  3.0000000000000000e+00  1.0000000000000000e+00
223   4.1666666666666669e-01  0.0000000000000000e+00  3.0000000000000000e+00  1.0000000000000000e+00
224   5.0000000000000000e-01  0.0000000000000000e+00  3.0000000000000000e+00  1.0000000000000000e+00

0    0    0.000000e+00
5    0    0.000000e+00
10   0    0.000000e+00
15   0    0.000000e+00
20   0    0.000000e+00
25   0    0.000000e+00
30   0    0.000000e+00
35   0    0.000000e+00
40   0    0.000000e+00
45   0    0.000000e+00
50   0    0.000000e+00
55   0    0.000000e+00
60   0    0.000000e+00
65   0    0.000000e+00
70   0    0.000000e+00
75   0    0.000000e+00
80   0    0.000000e+00
85   0    0.000000e+00
90   0    0.000000e+00
95   0    0.000000e+00
100  0    0.000000e+00
105  0    0.000000e+00
110  0    0.000000e+00
115  0    0.000000e+00
120  0    0.000000e+00
125  0    0.000000e+00
130  0    0.000000e+00
135  0    0.000000e+00
140  0    0.000000e+00
145  0    0.000000e+00
150  0    0.000000e+00
155  0    0.000000e+00
160  0    0.000000e+00
165  0    0.000000e+00
170  0    0.000000e+00
175  0    0.000000e+00
180  0    0.000000e+00
185  0    0.000000e+00
190  0    0.000000e+00
195  0    0.000000e+00
200  0    0.000000e+00
205  0    0.000000e+00
210  0    0.000000e+00
215  0    0.000000e+00
220  0    0.000000e+00
200  1    0.000000e+00
201  1    0.000000e+00
202  1    0.000000e+00
203  1    0.000000e+00
204  1    0.000000e+00
205  1    0.000000e+00
206  1    0.000000e+00
207  1    0.000000e+00
208  1    0.000000e+00
209  1    0.000000e+00
210  1    0.000000e+00
211  1    0.000000e+00
212  1    0.000000e+00
213  1    0.000000e+00
214  1    0.000000e+00
215  1    0.000000e+00
216  1    0.000000e+00
217  1    0.000000e+00
218  1    0.000000e+00
219  1    0.000000e+00
220  1    0.000000e+00
221  1    0.000000e+00
222  1    0.000000e+00
223  1    0.000000e+00
224  1    0.000000e+00
0    2    0.000000e+00
1    2    0.000000e+00
2    2    0.000000e+00
3    2    0.000000e+00
4    2    0.000000e+00
5    2    0.000000e+00
6    2    0.000000e+00
7    2    0.000000e+00
8    2    0.000000e+00
9    2    0.000000e+00
10   2    0.000000e+00
11   2    0.000000e+00
12   2    0.000000e+00
13   2    0.000000e+00
14   2    0.000000e+00
15   2    0.000000e+00
16   2    0.000000e+00
17   2    0.000000e+00
18   2    0.000000e+00
19   2    0.000000e+00
20   2    0.000000e+00
21   2    0.000000e+00
22   2    0.000000e+00
23   2    0.000000e+00
24   2    0.000000e+00
120  2    1.000000e+00
121  2    1.000000e+00
122  2    1.000000e+00
123  2    1.000000e+00
124  2    1.000000e+00
145  2    1.000000e+00
146  2    1.000000e+00
147  2    1.000000e+00
148  2    1.000000e+00
149  2    1.000000e+00
170  2    1.000000e+00
171  2    1.000000e+00
172  2    1.000000e+00
173  2    1.000000e+00
174  2    1.000000e+00
195  2    1.000000e+00
196  2    1.000000e+00
197  2    1.000000e+00
198  2    1.000000e+00
199  2    1.000000e+00
220  2    1.000000e+00
221  2    1.000000e+00
222  2    1.000000e+00
223  2    1.000000e+00
224  2    1.000000e+00

