3

1000  3.000000e-01

1

144

3    3    3

8    10   10

4    6    6

0    1    2    3    4    5    6    7    8    9    10   11   12   13   14   15   16   17   18   19   20   21   22   23   24   25   26   27   28   29   30   31   32   33   34   35   36   37   38   39   40   41   42   43   44   45   46   47   48   49   50   51   52   53   54   55   56   57   58   59   60   61   62   63   64   65   66   67   68   69   70   71   72   73   74   75   76   77   78   79   80   81   82   83   84   85   86   87   88   89   90   91   92   93   94   95   96   97   98   99   100  101  102  103  104  105  106  107  108  109  110  111  112  113  114  115  116  117  118  119  120  121  122  123  124  125  126  127  128  129  130  131  132  133  134  135  136  137  138  139  140  141  142  143

312  0    0

0.0000000000000000e+00  0.0000000000000000e+00  0.0000000000000000e+00  0.0000000000000000e+00  1.0000000000000000e+00  1.0000000000000000e+00  1.0000000000000000e+00  1.0000000000000000e+00
0.0000000000000000e+00  0.0000000000000000e+00  0.0000000000000000e+00  0.0000000000000000e+00  3.3333333333333331e-01  6.6666666666666663e-01  1.0000000000000000e+00  1.0000000000000000e+00  1.0000000000000000e+00  1.0000000000000000e+00
0.0000000000000000e+00  0.0000000000000000e+00  0.0000000000000000e+00  0.0000000000000000e+00  3.3333333333333331e-01  6.6666666666666663e-01  1.0000000000000000e+00  1.0000000000000000e+00  1.0000000000000000e+00  1.0000000000000000e+00

0     0.0000000000000000e+00  1.0000000000000000e+00  0.0000000000000000e+00  1.0000000000000000e+00
1     1.6666666666666669e-01  1.0000000000000000e+00  0.0000000000000000e+00  1.0000000000000000e+00
2     3.3333333333333337e-01  1.0000000000000000e+00  0.0000000000000000e+00  1.0000000000000000e+00
3     5.0000000000000000e-01  1.0000000000000000e+00  0.0000000000000000e+00  1.0000000000000000e+00
4     0.0000000000000000e+00  1.1111111111111112e+00  0.0000000000000000e+00  1.0000000000000000e+00
5     1.6666666666666669e-01  1.1111111111111112e+00  0.0000000000000000e+00  1.0000000000000000e+00
6     3.3333333333333337e-01  1.1111111111111112e+00  0.0000000000000000e+00  1.0000000000000000e+00
7     5.0000000000000000e-01  1.1111111111111112e+00  0.0000000000000000e+00  1.0000000000000000e+00
8     0.0000000000000000e+00  1.3333333333333335e+00  0.0000000000000000e+00  1.0000000000000000e+00
9     1.6666666666666669e-01  1.3333333333333335e+00  0.0000000000000000e+00  1.0000000000000000e+00
10    3.3333333333333337e-01  1.3333333333333335e+00  0.0000000000000000e+00  1.0000000000000000e+00
11    5.0000000000000000e-01  1.3333333333333335e+00  0.0000000000000000e+00  1.0000000000000000e+00
12    0.0000000000000000e+00  1.6666666666666667e+00  0.0000000000000000e+00  1.0000000000000000e+00
13    1.6666666666666669e-01  1.6666666666666667e+00  0.0000000000000000e+00  1.0000000000000000e+00
14    3.3333333333333337e-01  1.6666666666666667e+00  0.0000000000000000e+00  1.0000000000000000e+00
15    5.0000000000000000e-01  1.6666666666666667e+00  0.0000000000000000e+00  1.0000000000000000e+00
16    0.0000000000000000e+00  1.8888888888888888e+00  0.0000000000000000e+00  1.0000000000000000e+00
17    1.6666666666666669e-01  1.8888888888888888e+00  0.0000000000000000e+00  1.0000000000000000e+00
18    3.3333333333333337e-01  1.8888888888888888e+00  0.0000000000000000e+00  1.0000000000000000e+00
19    5.0000000000000000e-01  1.8888888888888888e+00  0.0000000000000000e+00  1.0000000000000000e+00
20    0.0000000000000000e+00  2.0000000000000000e+00  0.0000000000000000e+00  1.0000000000000000e+00
21    1.6666666666666669e-01  2.0000000000000000e+00  0.0000000000000000e+00  1.0000000000000000e+00
22    3.3333333333333337e-01  2.0000000000000000e+00  0.0000000000000000e+00  1.0000000000000000e+00
23    5.0000000000000000e-01  2.0000000000000000e+00  0.0000000000000000e+00  1.0000000000000000e+00
24    0.0000000000000000e+00  1.0000000000000000e+00  1.6807436035343970e-01  9.3491261804145509e-01
25    1.6666666666666669e-01  1.0000000000000000e+00  1.6807436035343973e-01  9.3491261804145509e-01
26    3.3333333333333337e-01  1.0000000000000000e+00  1.6807436035343970e-01  9.3491261804145509e-01
27    5.0000000000000000e-01  1.0000000000000000e+00  1.6807436035343970e-01  9.3491261804145509e-01
28    0.0000000000000000e+00  1.1111111111111112e+00  1.8674928928159970e-01  9.3491261804145509e-01
29    1.6666666666666669e-01  1.1111111111111112e+00  1.8674928928159970e-01  9.3491261804145509e-01
30    3.3333333333333337e-01  1.1111111111111112e+00  1.8674928928159970e-01  9.3491261804145509e-01
31    5.0000000000000000e-01  1.1111111111111112e+00  1.8674928928159970e-01  9.3491261804145509e-01
32    0.0000000000000000e+00  1.3333333333333335e+00  2.2409914713791962e-01  9.3491261804145509e-01
33    1.6666666666666669e-01  1.3333333333333335e+00  2.2409914713791965e-01  9.3491261804145509e-01
34    3.3333333333333337e-01  1.3333333333333335e+00  2.2409914713791962e-01  9.3491261804145509e-01
35    5.0000000000000000e-01  1.3333333333333335e+00  2.2409914713791962e-01  9.3491261804145509e-01
36    0.0000000000000000e+00  1.6666666666666667e+00  2.8012393392239948e-01  9.3491261804145509e-01
37    1.6666666666666669e-01  1.6666666666666667e+00  2.8012393392239954e-01  9.3491261804145509e-01
38    3.3333333333333337e-01  1.6666666666666667e+00  2.8012393392239948e-01  9.3491261804145509e-01
39    5.0000000000000000e-01  1.6666666666666667e+00  2.8012393392239948e-01  9.3491261804145509e-01
40    0.0000000000000000e+00  1.8888888888888888e+00  3.1747379177871943e-01  9.3491261804145509e-01
41    1.6666666666666669e-01  1.8888888888888888e+00  3.1747379177871943e-01  9.3491261804145509e-01
42    3.3333333333333337e-01  1.8888888888888888e+00  3.1747379177871943e-01  9.3491261804145509e-01
43    5.0000000000000000e-01  1.8888888888888888e+00  3.1747379177871943e-01  9.3491261804145509e-01
44    0.0000000000000000e+00  2.0000000000000000e+00  3.3614872070687940e-01  9.3491261804145509e-01
45    1.6666666666666669e-01  2.0000000000000000e+00  3.3614872070687946e-01  9.3491261804145509e-01
46    3.3333333333333337e-01  2.0000000000000000e+00  3.3614872070687940e-01  9.3491261804145509e-01
47    5.0000000000000000e-01  2.0000000000000000e+00  3.3614872070687940e-01  9.3491261804145509e-01
48    0.0000000000000000e+00  9.1266182920032857e-01  5.1964006060180734e-01  8.4812944209672847e-01
49    1.6666666666666671e-01  9.1266182920032857e-01  5.1964006060180734e-01  8.4812944209672847e-01
50    3.3333333333333343e-01  9.1266182920032857e-01  5.1964006060180734e-01  8.4812944209672847e-01
51    5.0000000000000000e-01  9.1266182920032857e-01  5.1964006060180734e-01  8.4812944209672847e-01
52    0.0000000000000000e+00  1.0140686991114765e+00  5.7737784511311929e-01  8.4812944209672847e-01
53    1.6666666666666671e-01  1.0140686991114765e+00  5.7737784511311929e-01  8.4812944209672847e-01
54    3.3333333333333343e-01  1.0140686991114765e+00  5.7737784511311929e-01  8.4812944209672847e-01
55    5.0000000000000000e-01  1.0140686991114765e+00  5.7737784511311929e-01  8.4812944209672847e-01
56    0.0000000000000000e+00  1.2168824389337716e+00  6.9285341413574308e-01  8.4812944209672847e-01
57    1.6666666666666671e-01  1.2168824389337716e+00  6.9285341413574320e-01  8.4812944209672847e-01
58    3.3333333333333343e-01  1.2168824389337716e+00  6.9285341413574308e-01  8.4812944209672847e-01
59    5.0000000000000000e-01  1.2168824389337716e+00  6.9285341413574308e-01  8.4812944209672847e-01
60    0.0000000000000000e+00  1.5211030486672146e+00  8.6606676766967883e-01  8.4812944209672847e-01
61    1.6666666666666671e-01  1.5211030486672146e+00  8.6606676766967894e-01  8.4812944209672847e-01
62    3.3333333333333343e-01  1.5211030486672146e+00  8.6606676766967883e-01  8.4812944209672847e-01
63    5.0000000000000000e-01  1.5211030486672146e+00  8.6606676766967883e-01  8.4812944209672847e-01
64    0.0000000000000000e+00  1.7239167884895097e+00  9.8154233669230284e-01  8.4812944209672847e-01
65    1.6666666666666671e-01  1.7239167884895097e+00  9.8154233669230284e-01  8.4812944209672847e-01
66    3.3333333333333343e-01  1.7239167884895097e+00  9.8154233669230284e-01  8.4812944209672847e-01
67    5.0000000000000000e-01  1.7239167884895097e+00  9.8154233669230284e-01  8.4812944209672847e-01
68    0.0000000000000000e+00  1.8253236584006571e+00  1.0392801212036147e+00  8.4812944209672847e-01
69    1.6666666666666671e-01  1.8253236584006571e+00  1.0392801212036147e+00  8.4812944209672847e-01
70    3.3333333333333343e-01  1.8253236584006571e+00  1.0392801212036147e+00  8.4812944209672847e-01
71    5.0000000000000000e-01  1.8253236584006571e+00  1.0392801212036147e+00  8.4812944209672847e-01
72    0.0000000000000000e+00  5.1964006060180745e-01  9.1266182920032857e-01  8.4812944209672836e-01
73    1.6666666666666666e-01  5.1964006060180745e-01  9.1266182920032857e-01  8.4812944209672847e-01
74    3.3333333333333337e-01  5.1964006060180745e-01  9.1266182920032857e-01  8.4812944209672836e-01
75    5.0000000000000000e-01  5.1964006060180745e-01  9.1266182920032857e-01  8.4812944209672836e-01
76    0.0000000000000000e+00  5.7737784511311929e-01  1.0140686991114762e+00  8.4812944209672847e-01
77    1.6666666666666666e-01  5.7737784511311929e-01  1.0140686991114762e+00  8.4812944209672847e-01
78    3.3333333333333331e-01  5.7737784511311929e-01  1.0140686991114762e+00  8.4812944209672847e-01
79    5.0000000000000000e-01  5.7737784511311929e-01  1.0140686991114762e+00  8.4812944209672847e-01
80    0.0000000000000000e+00  6.9285341413574308e-01  1.2168824389337716e+00  8.4812944209672847e-01
81    1.6666666666666671e-01  6.9285341413574320e-01  1.2168824389337716e+00  8.4812944209672847e-01
82    3.3333333333333343e-01  6.9285341413574308e-01  1.2168824389337716e+00  8.4812944209672847e-01
83    5.0000000000000000e-01  6.9285341413574308e-01  1.2168824389337716e+00  8.4812944209672847e-01
84    0.0000000000000000e+00  8.6606676766967894e-01  1.5211030486672148e+00  8.4812944209672836e-01
85    1.6666666666666671e-01  8.6606676766967894e-01  1.5211030486672146e+00  8.4812944209672847e-01
86    3.3333333333333343e-01  8.6606676766967894e-01  1.5211030486672148e+00  8.4812944209672836e-01
87    5.0000000000000000e-01  8.6606676766967894e-01  1.5211030486672148e+00  8.4812944209672836e-01
88    0.0000000000000000e+00  9.8154233669230295e-01  1.7239167884895097e+00  8.4812944209672836e-01
89    1.6666666666666669e-01  9.8154233669230295e-01  1.7239167884895097e+00  8.4812944209672836e-01
90    3.3333333333333337e-01  9.8154233669230295e-01  1.7239167884895097e+00  8.4812944209672836e-01
91    5.0000000000000000e-01  9.8154233669230295e-01  1.7239167884895097e+00  8.4812944209672836e-01
92    0.0000000000000000e+00  1.0392801212036149e+00  1.8253236584006571e+00  8.4812944209672836e-01
93    1.6666666666666666e-01  1.0392801212036149e+00  1.8253236584006571e+00  8.4812944209672847e-01
94    3.3333333333333337e-01  1.0392801212036149e+00  1.8253236584006571e+00  8.4812944209672836e-01
95    5.0000000000000000e-01  1.0392801212036149e+00  1.8253236584006571e+00  8.4812944209672836e-01
96    0.0000000000000000e+00  1.6807436035343973e-01  1.0000000000000000e+00  9.3491261804145509e-01
97    1.6666666666666669e-01  1.6807436035343973e-01  1.0000000000000000e+00  9.3491261804145509e-01
98    3.3333333333333337e-01  1.6807436035343973e-01  1.0000000000000000e+00  9.3491261804145509e-01
99    5.0000000000000000e-01  1.6807436035343973e-01  1.0000000000000000e+00  9.3491261804145509e-01
100   0.0000000000000000e+00  1.8674928928159973e-01  1.1111111111111112e+00  9.3491261804145509e-01
101   1.6666666666666669e-01  1.8674928928159973e-01  1.1111111111111112e+00  9.3491261804145509e-01
102   3.3333333333333337e-01  1.8674928928159973e-01  1.1111111111111112e+00  9.3491261804145509e-01
103   5.0000000000000000e-01  1.8674928928159973e-01  1.1111111111111112e+00  9.3491261804145509e-01
104   0.0000000000000000e+00  2.2409914713791962e-01  1.3333333333333335e+00  9.3491261804145509e-01
105   1.6666666666666669e-01  2.2409914713791965e-01  1.3333333333333335e+00  9.3491261804145509e-01
106   3.3333333333333337e-01  2.2409914713791962e-01  1.3333333333333335e+00  9.3491261804145509e-01
107   5.0000000000000000e-01  2.2409914713791962e-01  1.3333333333333335e+00  9.3491261804145509e-01
108   0.0000000000000000e+00  2.8012393392239948e-01  1.6666666666666667e+00  9.3491261804145509e-01
109   1.6666666666666669e-01  2.8012393392239954e-01  1.6666666666666667e+00  9.3491261804145509e-01
110   3.3333333333333337e-01  2.8012393392239948e-01  1.6666666666666667e+00  9.3491261804145509e-01
111   5.0000000000000000e-01  2.8012393392239948e-01  1.6666666666666667e+00  9.3491261804145509e-01
112   0.0000000000000000e+00  3.1747379177871948e-01  1.8888888888888886e+00  9.3491261804145509e-01
113   1.6666666666666669e-01  3.1747379177871948e-01  1.8888888888888886e+00  9.3491261804145509e-01
114   3.3333333333333337e-01  3.1747379177871948e-01  1.8888888888888886e+00  9.3491261804145509e-01
115   5.0000000000000000e-01  3.1747379177871948e-01  1.8888888888888886e+00  9.3491261804145509e-01
116   0.0000000000000000e+00  3.3614872070687946e-01  2.0000000000000000e+00  9.3491261804145509e-01
117   1.6666666666666669e-01  3.3614872070687946e-01  2.0000000000000000e+00  9.3491261804145509e-01
118   3.3333333333333337e-01  3.3614872070687946e-01  2.0000000000000000e+00  9.3491261804145509e-01
119   5.0000000000000000e-01  3.3614872070687946e-01  2.0000000000000000e+00  9.3491261804145509e-01
120   0.0000000000000000e+00  0.0000000000000000e+00  1.0000000000000000e+00  1.0000000000000000e+00
121   1.6666666666666669e-01  0.0000000000000000e+00  1.0000000000000000e+00  1.0000000000000000e+00
122   3.3333333333333337e-01  0.0000000000000000e+00  1.0000000000000000e+00  1.0000000000000000e+00
123   5.0000000000000000e-01  0.0000000000000000e+00  1.0000000000000000e+00  1.0000000000000000e+00
124   0.0000000000000000e+00  0.0000000000000000e+00  1.1111111111111112e+00  1.0000000000000000e+00
125   1.6666666666666669e-01  0.0000000000000000e+00  1.1111111111111112e+00  1.0000000000000000e+00
126   3.3333333333333337e-01  0.0000000000000000e+00  1.1111111111111112e+00  1.0000000000000000e+00
127   5.0000000000000000e-01  0.0000000000000000e+00  1.1111111111111112e+00  1.0000000000000000e+00
128   0.0000000000000000e+00  0.0000000000000000e+00  1.3333333333333335e+00  1.0000000000000000e+00
129   1.6666666666666669e-01  0.0000000000000000e+00  1.3333333333333335e+00  1.0000000000000000e+00
130   3.3333333333333337e-01  0.0000000000000000e+00  1.3333333333333335e+00  1.0000000000000000e+00
131   5.0000000000000000e-01  0.0000000000000000e+00  1.3333333333333335e+00  1.0000000000000000e+00
132   0.0000000000000000e+00  0.0000000000000000e+00  1.6666666666666667e+00  1.0000000000000000e+00
133   1.6666666666666669e-01  0.0000000000000000e+00  1.6666666666666667e+00  1.0000000000000000e+00
134   3.3333333333333337e-01  0.0000000000000000e+00  1.6666666666666667e+00  1.0000000000000000e+00
135   5.0000000000000000e-01  0.0000000000000000e+00  1.6666666666666667e+00  1.0000000000000000e+00
136   0.0000000000000000e+00  0.0000000000000000e+00  1.8888888888888888e+00  1.0000000000000000e+00
137   1.6666666666666669e-01  0.0000000000000000e+00  1.8888888888888888e+00  1.0000000000000000e+00
138   3.3333333333333337e-01  0.0000000000000000e+00  1.8888888888888888e+00  1.0000000000000000e+00
139   5.0000000000000000e-01  0.0000000000000000e+00  1.8888888888888888e+00  1.0000000000000000e+00
140   0.0000000000000000e+00  0.0000000000000000e+00  2.0000000000000000e+00  1.0000000000000000e+00
141   1.6666666666666669e-01  0.0000000000000000e+00  2.0000000000000000e+00  1.0000000000000000e+00
142   3.3333333333333337e-01  0.0000000000000000e+00  2.0000000000000000e+00  1.0000000000000000e+00
143   5.0000000000000000e-01  0.0000000000000000e+00  2.0000000000000000e+00  1.0000000000000000e+00

0    0    0.000000e+00
1    0    0.000000e+00
2    0    0.000000e+00
3    0    0.000000e+00
4    0    0.000000e+00
5    0    0.000000e+00
6    0    0.000000e+00
7    0    0.000000e+00
8    0    0.000000e+00
9    0    0.000000e+00
10   0    0.000000e+00
11   0    0.000000e+00
12   0    0.000000e+00
13   0    0.000000e+00
14   0    0.000000e+00
15   0    0.000000e+00
16   0    0.000000e+00
17   0    0.000000e+00
18   0    0.000000e+00
19   0    0.000000e+00
20   0    0.000000e+00
21   0    0.000000e+00
22   0    0.000000e+00
23   0    0.000000e+00
24   0    0.000000e+00
27   0    0.000000e+00
28   0    0.000000e+00
31   0    0.000000e+00
32   0    0.000000e+00
35   0    0.000000e+00
36   0    0.000000e+00
39   0    0.000000e+00
40   0    0.000000e+00
43   0    0.000000e+00
44   0    0.000000e+00
45   0    0.000000e+00
46   0    0.000000e+00
47   0    0.000000e+00
48   0    0.000000e+00
51   0    0.000000e+00
52   0    0.000000e+00
55   0    0.000000e+00
56   0    0.000000e+00
59   0    0.000000e+00
60   0    0.000000e+00
63   0    0.000000e+00
64   0    0.000000e+00
67   0    0.000000e+00
68   0    0.000000e+00
69   0    0.000000e+00
70   0    0.000000e+00
71   0    0.000000e+00
72   0    0.000000e+00
75   0    0.000000e+00
76   0    0.000000e+00
79   0    0.000000e+00
80   0    0.000000e+00
83   0    0.000000e+00
84   0    0.000000e+00
87   0    0.000000e+00
88   0    0.000000e+00
91   0    0.000000e+00
92   0    0.000000e+00
93   0    0.000000e+00
94   0    0.000000e+00
95   0    0.000000e+00
96   0    0.000000e+00
99   0    0.000000e+00
100  0    0.000000e+00
103  0    0.000000e+00
104  0    0.000000e+00
107  0    0.000000e+00
108  0    0.000000e+00
111  0    0.000000e+00
112  0    0.000000e+00
115  0    0.000000e+00
116  0    0.000000e+00
117  0    0.000000e+00
118  0    0.000000e+00
119  0    0.000000e+00
120  0    0.000000e+00
121  0    0.000000e+00
122  0    0.000000e+00
123  0    0.000000e+00
124  0    0.000000e+00
125  0    0.000000e+00
126  0    0.000000e+00
127  0    0.000000e+00
128  0    0.000000e+00
129  0    0.000000e+00
130  0    0.000000e+00
131  0    0.000000e+00
132  0    0.000000e+00
133  0    0.000000e+00
134  0    0.000000e+00
135  0    0.000000e+00
136  0    0.000000e+00
137  0    0.000000e+00
138  0    0.000000e+00
139  0    0.000000e+00
140  0    0.000000e+00
141  0    0.000000e+00
142  0    0.000000e+00
143  0    0.000000e+00
0    1    0.000000e+00
1    1    0.000000e+00
2    1    0.000000e+00
3    1    0.000000e+00
4    1    0.000000e+00
5    1    0.000000e+00
6    1    0.000000e+00
7    1    0.000000e+00
8    1    0.000000e+00
9    1    0.000000e+00
10   1    0.000000e+00
11   1    0.000000e+00
12   1    0.000000e+00
13   1    0.000000e+00
14   1    0.000000e+00
15   1    0.000000e+00
16   1    0.000000e+00
17   1    0.000000e+00
18   1    0.000000e+00
19   1    0.000000e+00
20   1    0.000000e+00
21   1    0.000000e+00
22   1    0.000000e+00
23   1    0.000000e+00
24   1    0.000000e+00
27   1    0.000000e+00
28   1    0.000000e+00
31   1    0.000000e+00
32   1    0.000000e+00
35   1    0.000000e+00
36   1    0.000000e+00
39   1    0.000000e+00
40   1    0.000000e+00
43   1    0.000000e+00
44   1    0.000000e+00
45   1    0.000000e+00
46   1    0.000000e+00
47   1    0.000000e+00
48   1    0.000000e+00
51   1    0.000000e+00
52   1    0.000000e+00
55   1    0.000000e+00
56   1    0.000000e+00
59   1    0.000000e+00
60   1    0.000000e+00
63   1    0.000000e+00
64   1    0.000000e+00
67   1    0.000000e+00
68   1    0.000000e+00
69   1    0.000000e+00
70   1    0.000000e+00
71   1    0.000000e+00
72   1    0.000000e+00
75   1    0.000000e+00
76   1    0.000000e+00
79   1    0.000000e+00
80   1    0.000000e+00
83   1    0.000000e+00
84   1    0.000000e+00
87   1    0.000000e+00
88   1    0.000000e+00
91   1    0.000000e+00
92   1    0.000000e+00
93   1    0.000000e+00
94   1    0.000000e+00
95   1    0.000000e+00
96   1    0.000000e+00
99   1    0.000000e+00
100  1    0.000000e+00
103  1    0.000000e+00
104  1    0.000000e+00
107  1    0.000000e+00
108  1    0.000000e+00
111  1    0.000000e+00
112  1    0.000000e+00
115  1    0.000000e+00
116  1    0.000000e+00
117  1    0.000000e+00
118  1    0.000000e+00
119  1    0.000000e+00
120  1    0.000000e+00
121  1    0.000000e+00
122  1    0.000000e+00
123  1    0.000000e+00
124  1    0.000000e+00
125  1    0.000000e+00
126  1    0.000000e+00
127  1    0.000000e+00
128  1    0.000000e+00
129  1    0.000000e+00
130  1    0.000000e+00
131  1    0.000000e+00
132  1    0.000000e+00
133  1    0.000000e+00
134  1    0.000000e+00
135  1    0.000000e+00
136  1    0.000000e+00
137  1    0.000000e+00
138  1    0.000000e+00
139  1    0.000000e+00
140  1    0.000000e+00
141  1    0.000000e+00
142  1    0.000000e+00
143  1    0.000000e+00
0    2    0.000000e+00
1    2    0.000000e+00
2    2    0.000000e+00
3    2    0.000000e+00
4    2    0.000000e+00
5    2    0.000000e+00
6    2    0.000000e+00
7    2    0.000000e+00
8    2    0.000000e+00
9    2    0.000000e+00
10   2    0.000000e+00
11   2    0.000000e+00
12   2    0.000000e+00
13   2    0.000000e+00
14   2    0.000000e+00
15   2    0.000000e+00
16   2    0.000000e+00
17   2    0.000000e+00
18   2    0.000000e+00
19   2    0.000000e+00
20   2    0.000000e+00
21   2    0.000000e+00
22   2    0.000000e+00
23   2    0.000000e+00
24   2    0.000000e+00
27   2    0.000000e+00
28   2    0.000000e+00
31   2    0.000000e+00
32   2    0.000000e+00
35   2    0.000000e+00
36   2    0.000000e+00
39   2    0.000000e+00
40   2    0.000000e+00
43   2    0.000000e+00
44   2    0.000000e+00
45   2    0.000000e+00
46   2    0.000000e+00
47   2    0.000000e+00
48   2    0.000000e+00
51   2    0.000000e+00
52   2    0.000000e+00
55   2    0.000000e+00
56   2    0.000000e+00
59   2    0.000000e+00
60   2    0.000000e+00
63   2    0.000000e+00
64   2    0.000000e+00
67   2    0.000000e+00
68   2    0.000000e+00
69   2    0.000000e+00
70   2    0.000000e+00
71   2    0.000000e+00
72   2    0.000000e+00
75   2    0.000000e+00
76   2    0.000000e+00
79   2    0.000000e+00
80   2    0.000000e+00
83   2    0.000000e+00
84   2    0.000000e+00
87   2    0.000000e+00
88   2    0.000000e+00
91   2    0.000000e+00
92   2    0.000000e+00
93   2    0.000000e+00
94   2    0.000000e+00
95   2    0.000000e+00
96   2    0.000000e+00
99   2    0.000000e+00
100  2    0.000000e+00
103  2    0.000000e+00
104  2    0.000000e+00
107  2    0.000000e+00
108  2    0.000000e+00
111  2    0.000000e+00
112  2    0.000000e+00
115  2    0.000000e+00
116  2    0.000000e+00
117  2    0.000000e+00
118  2    0.000000e+00
119  2    0.000000e+00
120  2    0.000000e+00
121  2    0.000000e+00
122  2    0.000000e+00
123  2    0.000000e+00
124  2    0.000000e+00
125  2    0.000000e+00
126  2    0.000000e+00
127  2    0.000000e+00
128  2    0.000000e+00
129  2    0.000000e+00
130  2    0.000000e+00
131  2    0.000000e+00
132  2    0.000000e+00
133  2    0.000000e+00
134  2    0.000000e+00
135  2    0.000000e+00
136  2    0.000000e+00
137  2    0.000000e+00
138  2    0.000000e+00
139  2    0.000000e+00
140  2    0.000000e+00
141  2    0.000000e+00
142  2    0.000000e+00
143  2    0.000000e+00

