2

1.0  3.000000e-01

1

49

3   3

11  11

7   7

0   1   2   3   4   5   6   7   8   9   10  11  12  13  14  15  16  17  18  19  20  21  22  23  24  25  26  27  28  29  30  31  32  33  34  35  36  37  38  39  40  41  42  43  44  45  46  47  48

15   0   0

0.0000000000000000e+00  0.0000000000000000e+00  0.0000000000000000e+00  0.0000000000000000e+00  2.5000000000000000e-01  5.0000000000000000e-01  7.5000000000000000e-01  1.0000000000000000e+00  1.0000000000000000e+00  1.0000000000000000e+00  1.0000000000000000e+00
0.0000000000000000e+00  0.0000000000000000e+00  0.0000000000000000e+00  0.0000000000000000e+00  2.5000000000000000e-01  5.0000000000000000e-01  7.5000000000000000e-01  1.0000000000000000e+00  1.0000000000000000e+00  1.0000000000000000e+00  1.0000000000000000e+00

0    0.0000000000000000e+00  0.0000000000000000e+00  1.0000000000000000e+00
1    8.3333333333333343e-02  0.0000000000000000e+00  1.0000000000000000e+00
2    2.5000000000000000e-01  0.0000000000000000e+00  1.0000000000000000e+00
3    5.0000000000000000e-01  0.0000000000000000e+00  1.0000000000000000e+00
4    7.5000000000000000e-01  0.0000000000000000e+00  1.0000000000000000e+00
5    9.1666666666666674e-01  0.0000000000000000e+00  1.0000000000000000e+00
6    1.0000000000000000e+00  0.0000000000000000e+00  1.0000000000000000e+00
7    0.0000000000000000e+00  8.3333333333333343e-02  1.0000000000000000e+00
8    8.3333333333333343e-02  8.3333333333333343e-02  1.0000000000000000e+00
9    2.5000000000000000e-01  8.3333333333333343e-02  1.0000000000000000e+00
10   5.0000000000000000e-01  8.3333333333333343e-02  1.0000000000000000e+00
11   7.5000000000000000e-01  8.3333333333333343e-02  1.0000000000000000e+00
12   9.1666666666666674e-01  8.3333333333333343e-02  1.0000000000000000e+00
13   1.0000000000000000e+00  8.3333333333333343e-02  1.0000000000000000e+00
14   0.0000000000000000e+00  2.5000000000000000e-01  1.0000000000000000e+00
15   8.3333333333333343e-02  2.5000000000000000e-01  1.0000000000000000e+00
16   2.5000000000000000e-01  2.5000000000000000e-01  1.0000000000000000e+00
17   5.0000000000000000e-01  2.5000000000000000e-01  1.0000000000000000e+00
18   7.5000000000000000e-01  2.5000000000000000e-01  1.0000000000000000e+00
19   9.1666666666666674e-01  2.5000000000000000e-01  1.0000000000000000e+00
20   1.0000000000000000e+00  2.5000000000000000e-01  1.0000000000000000e+00
21   0.0000000000000000e+00  5.0000000000000000e-01  1.0000000000000000e+00
22   8.3333333333333343e-02  5.0000000000000000e-01  1.0000000000000000e+00
23   2.5000000000000000e-01  5.0000000000000000e-01  1.0000000000000000e+00
24   5.0000000000000000e-01  5.0000000000000000e-01  1.0000000000000000e+00
25   7.5000000000000000e-01  5.0000000000000000e-01  1.0000000000000000e+00
26   9.1666666666666674e-01  5.0000000000000000e-01  1.0000000000000000e+00
27   1.0000000000000000e+00  5.0000000000000000e-01  1.0000000000000000e+00
28   0.0000000000000000e+00  7.5000000000000000e-01  1.0000000000000000e+00
29   8.3333333333333343e-02  7.5000000000000000e-01  1.0000000000000000e+00
30   2.5000000000000000e-01  7.5000000000000000e-01  1.0000000000000000e+00
31   5.0000000000000000e-01  7.5000000000000000e-01  1.0000000000000000e+00
32   7.5000000000000000e-01  7.5000000000000000e-01  1.0000000000000000e+00
33   9.1666666666666674e-01  7.5000000000000000e-01  1.0000000000000000e+00
34   1.0000000000000000e+00  7.5000000000000000e-01  1.0000000000000000e+00
35   0.0000000000000000e+00  9.1666666666666674e-01  1.0000000000000000e+00
36   8.3333333333333343e-02  9.1666666666666674e-01  1.0000000000000000e+00
37   2.5000000000000000e-01  9.1666666666666674e-01  1.0000000000000000e+00
38   5.0000000000000000e-01  9.1666666666666674e-01  1.0000000000000000e+00
39   7.5000000000000000e-01  9.1666666666666674e-01  1.0000000000000000e+00
40   9.1666666666666674e-01  9.1666666666666674e-01  1.0000000000000000e+00
41   1.0000000000000000e+00  9.1666666666666674e-01  1.0000000000000000e+00
42   0.0000000000000000e+00  1.0000000000000000e+00  1.0000000000000000e+00
43   8.3333333333333343e-02  1.0000000000000000e+00  1.0000000000000000e+00
44   2.5000000000000000e-01  1.0000000000000000e+00  1.0000000000000000e+00
45   5.0000000000000000e-01  1.0000000000000000e+00  1.0000000000000000e+00
46   7.5000000000000000e-01  1.0000000000000000e+00  1.0000000000000000e+00
47   9.1666666666666674e-01  1.0000000000000000e+00  1.0000000000000000e+00
48   1.0000000000000000e+00  1.0000000000000000e+00  1.0000000000000000e+00

0 0 0.0
0 1 0.0
6 0 0.1
7 0 0.0
13 0 0.1
14 0 0.0
20 0 0.1
21 0 0.0
27 0 0.1
28 0 0.0
34 0 0.1
35 0 0.0
41 0 0.1
42 0 0.0
48 0 0.1


