ローカル解析モデル「input」のテンプレート

2                           // 次元数

210000  3.000000e-01        // ヤング率　ポアソン比

1                           // ローカル変位表現のパッチ数

49                          // ローカル変位表現の制御点の数

3   3                       // ローカル変位表現の基底関数の次数：　ξ^　η^　の順

11  11                      // ローカル変位表現のノットの数：　ξ^　η^　の順

7   7                       // ローカル変位表現の制御点の数：　ξ^　η^　の順　

0   1   2   3   4   5   6   7   8   9   10  11  12  13  14  15  16  17  18  19  20  21  22  23  24  25  26  27  28  29  30  31  32  33  34  35  36  37  38  39  40  41  42  43  44  45  46  47  48　　// ローカル変位表現の全制御点のコネクティビティ

26  0   0                   // 変位制御の数　特別な境界条件の数　荷重の境界条件の数

0.0000000000000000e+00  0.0000000000000000e+00  0.0000000000000000e+00  0.0000000000000000e+00  2.5000000000000000e-01  5.0000000000000000e-01  7.5000000000000000e-01  1.0000000000000000e+00  1.0000000000000000e+00  1.0000000000000000e+00  1.0000000000000000e+00　// ξ^のノットベクトル
0.0000000000000000e+00  0.0000000000000000e+00  0.0000000000000000e+00  0.0000000000000000e+00  2.5000000000000000e-01  5.0000000000000000e-01  7.5000000000000000e-01  1.0000000000000000e+00  1.0000000000000000e+00  1.0000000000000000e+00  1.0000000000000000e+00　// η^のノットベクトル

6   0   0.000000e+00         // ローカル変位制御の全制御点の変位制御：　制御点の番号　与える変位の向き(0:x 1:y 2:z)　与える変位量
13  0   0.000000e+00
20  0   0.000000e+00
27  0   0.000000e+00
34  0   0.000000e+00
41  0   0.000000e+00
42  0   0.000000e+00
43  0   0.000000e+00
44  0   0.000000e+00
45  0   0.000000e+00
46  0   0.000000e+00
47  0   0.000000e+00
48  0   0.000000e+00
0   1   0.000000e+00
1   1   0.000000e+00
2   1   0.000000e+00
3   1   0.000000e+00
4   1   0.000000e+00
5   1   0.000000e+00
6   1   0.000000e+00
13  1   0.000000e+00
20  1   0.000000e+00
27  1   0.000000e+00
34  1   0.000000e+00
41  1   0.000000e+00
48  1   0.000000e+00

0                            // ローカルパッチが属するグローバルパッチの番号

1                            // ローカル形状表現のパッチ数

16                           // ローカル形状表現の制御点の数

2   2                        // ローカル形状表現の基底関数の次数：　ξ^　η^　の順

7   7                        // ローカル形状表現のノットの数：　ξ^　η^　の順

4   4                        // ローカル形状表現の制御点の数：　ξ^　η^　の順

0   1   2   3   4   5   6   7   8   9   10  11  12  13  14  15      // ローカル形状表現の全制御点のコネクティビティ

0  0   0

0.0000000000000000e+00  0.0000000000000000e+00  0.0000000000000000e+00  5.0000000000000000e-01  1.0000000000000000e+00  1.0000000000000000e+00  1.0000000000000000e+00　// ξ^のノットベクトル
0.0000000000000000e+00  0.0000000000000000e+00  0.0000000000000000e+00  5.0000000000000000e-01  1.0000000000000000e+00  1.0000000000000000e+00  1.0000000000000000e+00　// η^のノットベクトル

0    0.0000000000000000e+00  0.0000000000000000e+00  1.0000000000000000e+00    // ローカル形状表現の全制御点のグローバル自然空間内の座標：　制御点の番号　ξの座標　ηの座標　　
1    1.0000000000000001e-01  0.0000000000000000e+00  1.0000000000000000e+00
2    3.0000000000000004e-01  0.0000000000000000e+00  1.0000000000000000e+00
3    4.0000000000000002e-01  0.0000000000000000e+00  1.0000000000000000e+00
4    0.0000000000000000e+00  2.5000000000000000e-01  1.0000000000000000e+00
5    1.0000000000000001e-01  2.5000000000000000e-01  1.0000000000000000e+00
6    3.0000000000000004e-01  2.5000000000000000e-01  1.0000000000000000e+00
7    4.0000000000000002e-01  2.5000000000000000e-01  1.0000000000000000e+00
8    0.0000000000000000e+00  7.5000000000000000e-01  1.0000000000000000e+00
9    1.0000000000000001e-01  7.5000000000000000e-01  1.0000000000000000e+00
10   3.0000000000000004e-01  7.5000000000000000e-01  1.0000000000000000e+00
11   4.0000000000000002e-01  7.5000000000000000e-01  1.0000000000000000e+00
12   0.0000000000000000e+00  1.0000000000000000e+00  1.0000000000000000e+00
13   1.0000000000000001e-01  1.0000000000000000e+00  1.0000000000000000e+00
14   3.0000000000000004e-01  1.0000000000000000e+00  1.0000000000000000e+00
15   4.0000000000000002e-01  1.0000000000000000e+00  1.0000000000000000e+00

